-15618,-30976,-32002,-16231.16,-31291.95,-20132.14,-319,-385,134,-331.16,-366.63,315.36,-107.80
74,-31232,32766,-16108.53,-31296.96,-13904.51,-321,-382,134,-331.03,-366.69,315.50,-107.06
-31232,-32002,-16078.62,-31266.77,-13206.01,-318,-385,134,-330.93,-366.92,315.60,-107.01
-31259.82,-8329.61,-319,-385,135,-330.85,-367.11,315.69,-107.01
,32766,-16035.56,-31237.05,-4428.49,-320,-382,135,-330.79,-367.25,315.76,-107.60
30,-30976,-32002,-16003.25,-31201.84,-1307.59,-320,-383,130,-330.73,-367.19,315.59,-108.61
-32258,-16011.40,-31241.88,-3145.67,-318,-385,136,-330.69,-367.13,315.46,-107.99
720,32766,-16000.92,-31256.90,-4616.14,-320,-384,134,-330.66,-367.27,315.35,-107.64
232,-32514,-15992.53,-31285.92,-5826.51,-319,-385,137,-330.63,-367.39,315.71,-107.39
,32766,-15968.83,-31189.74,-2460.01,-321,-388,134,-330.81,-367.67,315.99,-108.19
,-16001.06,-31146.99,181.99,-382,-270,86,-334.84,-360.78,312.69,-109.86
16,-3330,-17084.85,-27562.79,4241.19,-260,-400,12,-334.37,-356.20,300.76,-108.99
,3072,28926,-16945.08,-22459.83,7232.56,-220,-443,89,-327.36,-356.10,287.90,-108.36
,17918,-15109.46,-14776.47,8686.84,-195,-458,101,-309.66,-367.62,278.72,-105.72
56,14078,-10449.57,-8373.77,11010.88,-91,-501,103,-284.39,-383.20,278.00,131.55
070,-8206.26,-1698.62,11146.30,-48,-508,80,-253.06,-399.79,276.77,97.02
0,1278,-7845.21,3487.90,10145.44,-19,-506,120,-216.49,-416.05,277.33,91.25
8921.57,7961.52,8525.55,-26,-507,110,-183.13,-429.44,278.22,87.51
60,1534,-8673.45,11659.82,7127.24,-33,-506,85,-155.48,-439.96,279.37,87.90
790,-8218.96,14703.86,6042.59,-32,-504,101,-134.13,-448.19,278.75,88.89
,2302,-8077.17,16814.69,5209.08,-34,-511,83,-117.64,-455.14,276.26,88.87
,510,-8100.34,18042.55,4474.06,-32,-507,86,-104.25,-460.71,274.49,87.96
,22016,1534,-8101.67,19042.04,3868.85,-29,-506,96,-93.35,-465.35,272.63,87.13
,24576,1790,-8051.54,19756.23,3350.68,-81,-498,77,-87.74,-468.13,270.70,86.88
712,3838,-8813.63,20225.19,3157.94,-162,-464,59,-91.64,-467.73,267.17,86.49
104,12542,-7272.90,20139.55,3737.55,-253,-407,85,-109.39,-461.23,263.46,92.35
023,21760,27134,-5494.32,19883.24,5890.84,-343,-292,129,-140.55,-443.12,264.47,99.54
22018,-32512,-8962,-4173.86,16196.59,6760.28,-386,-198,158,-180.11,-412.15,272.57,104.24
88,15103,-2571.49,10568.07,7626.42,-395,-129,162,-220.92,-369.97,284.58,108.70
,-24064,32767,656.01,3010.26,8694.94,-395,-134,159,-257.07,-326.30,296.40,124.81
06,-24832,31487,6719.61,-2523.99,12246.35,-395,-96,142,-286.58,-285.00,304.74,147.54
9184,-24321,11416.89,-7224.39,12459.28,-397,-28,128,-310.19,-245.79,308.99,156.65
-32768,-6913,15140.51,-11565.12,9984.22,-391,-6,118,-328.88,-206.36,309.29,162.33
281,18187.61,-11368.29,5819.78,-384,48,86,-343.06,-166.03,305.34,159.25
2016,12288,16444.09,-7797.63,4928.62,-373,87,68,-352.84,-126.46,297.75,154.68
,22272,11089.87,-1596.11,6161.50,-362,117,50,-358.90,-87.13,286.82,163.50
52,2932.30,2204.71,9230.00,-353,129,44,-361.61,-50.61,274.98,168.67
-32512,-3064.56,4528.57,8698.00,-347,129,38,-362.22,-18.77,263.30,145.65
,-32512,-7418.45,5875.66,4620.40,-349,129,41,-361.73,7.45,253.29,103.08
512,-10679.56,6799.73,-2806.08,-336,146,30,-360.36,29.36,244.18,90.46
26,7680,-28160,-12998.45,7299.98,-8457.06,-337,142,24,-358.49,47.82,235.79,99.90
144,-29184,-14682.76,7461.19,-12756.05,-344,128,34,-356.80,62.41,228.63,109.29
2768,-15945.01,7470.75,-16212.24,-350,118,33,-356.22,72.39,223.13,116.50
0208,-17193.61,7529.60,-15085.99,-382,45,45,-358.69,74.39,220.27,110.60
,11520,-18960.49,7935.08,-11471.60,-394,-42,57,-363.98,65.31,219.75,97.48
92,-10497,-16858.39,8652.06,-7095.28,-371,-213,62,-369.57,37.46,221.33,93.21
5872,11263,-15535.11,9720.45,-4857.22,-363,-249,94,-372.88,-3.17,226.35,94.16
,24064,2047,-14152.09,11411.56,-3698.38,-341,-283,61,-372.01,-50.64,230.58,99.27
16,-6658,-16510.27,12832.65,-2515.30,-192,-444,23,-359.62,-103.04,231.10,96.05
8,17662,-15341.82,13303.92,-1142.24,-67,-498,16,-330.60,-160.49,225.76,96.97
4096,3838,-13724.25,12349.74,75.61,232,-455,23,-270.13,-217.13,218.62,92.99
4846,-11406.20,10937.79,2483.49,375,-333,45,-184.91,-255.51,214.68,85.96
0,-19458,-8630.16,10183.83,1935.19,417,-246,78,-85.33,-270.49,215.94,74.80
,19968,2815,-6904.13,10638.66,1428.35,442,-156,109,7.98,-263.94,223.36,59.56
04,25855,-6308.10,12470.33,1756.68,447,-79,122,87.31,-242.79,235.04,47.95
,31232,-19969,-8971.48,15249.87,1985.34,444,-34,132,152.53,-212.58,248.37,32.55
31744,-8449,-10641.39,14025.89,1417.48,437,7,140,204.31,-178.30,261.24,17.80
29696,1792,-12062.71,9206.91,-641.02,427,31,141,244.57,-144.14,272.86,-6.00
40,7936,-13541.17,1306.93,-427.62,429,35,136,275.80,-112.50,282.60,-41.00
0,8960,-14979.94,-4944.85,903.71,430,33,134,300.20,-85.51,289.95,28.92
31232,8448,-16250.35,-10048.68,2412.57,425,56,141,319.72,-62.42,295.83,16.22
440,14336,-17300.88,-14131.75,4046.25,407,95,135,333.78,-40.20,300.31,8.77
6,24320,-18516.70,-17415.20,6377.20,386,137,129,342.29,-15.87,303.67,3.85
,-32512,-30464,-20240.36,-20127.36,5647.76,359,174,145,344.81,10.89,306.59,1.98
-28416,-20992,-18376.49,-22228.69,2709.21,355,182,142,343.32,37.73,309.36,-3.19
,-29184,-18944,-13403.99,-23790.35,-2525.83,347,196,136,339.59,62.94,312.24,-12.46
297,-30720,-15360,-5722.59,-24920.28,-5707.07,325,221,135,334.46,85.92,313.66,-27.77
-30976,-8960,-157.68,-25994.82,-7449.85,276,268,133,325.29,109.73,314.14,-39.53
88,3073,2946.06,-27008.06,-7376.28,219,298,128,309.57,135.15,314.07,-47.20
2768,10753,3244.45,-27955.25,-5576.63,188,323,123,288.02,161.85,313.14,-50.61
,17153,1144.96,-24548.60,-2396.10,152,335,124,262.79,187.32,311.73,-50.77
31744,20225,-2650.83,-17608.08,1291.72,119,340,131,236.16,210.32,310.82,-45.74
00,21505,-3025.07,-12004.46,4958.78,93,348,140,208.63,230.41,311.20,-49.83
6,23553,-576.85,-11600.37,8319.22,69,355,141,181.14,247.60,312.83,-63.73
25345,4334.12,-15355.90,11348.78,18,350,160,152.71,262.10,316.34,-79.63
24576,24065,6539.29,-17865.52,13943.22,-47,344,169,120.80,273.33,321.14,-86.47
,-22272,22529,5931.04,-19378.21,15950.38,-91,339,166,84.94,281.38,326.97,-89.03
40,21249,2730.83,-20161.77,17283.10,-101,333,157,48.65,286.69,331.41,-88.12
25601,-25344,19713,-1843.14,-20839.82,18059.08,-100,333,148,16.10,290.38,333.42,-85.03
7648,19713,-6406.91,-21740.66,18492.27,-117,331,125,-11.69,292.77,331.93,-82.04
697,32000,19201,-10501.73,-18791.93,18702.21,-144,325,140,-36.65,294.12,329.41,-78.64
9696,17665,-10142.38,-16723.14,18733.57,-140,320,143,-59.15,294.45,327.18,-81.19
8928,16385,-6168.51,-15153.31,18536.86,-126,325,146,-77.74,294.34,326.94,-89.18
1,-28160,17665,-3143.01,-17908.25,18277.08,-123,329,143,-91.25,294.44,326.97,-96.50
928,18689,-4733.20,-20061.00,18137.47,-124,328,144,-101.08,295.08,326.99,-95.49
8672,18433,-10101.36,-21766.00,18162.37,-127,330,148,-108.94,295.97,327.23,-89.09
-27648,18945,-14412.89,-23096.00,18267.70,-125,328,146,-115.43,296.49,327.64,-84.93
60,18433,-17896.31,-24108.80,18334.76,-124,327,144,-120.62,296.91,327.97,-82.09
8672,18177,-20683.05,-24919.04,18371.41,-122,330,144,-124.38,297.25,327.79,-80.11
2,18945,-22827.04,-25635.43,18400.73,-127,327,146,-127.58,297.51,327.65,-78.85
-32257,-28160,18177,-24576.43,-26208.55,18407.18,-128,327,146,-130.34,297.73,327.76,-77.91
-28160,18177,-26044.15,-26632.84,18412.35,-121,328,143,-132.55,297.71,327.84,-77.14
28,18433,-27201.32,-26989.47,18382.28,-123,326,142,-134.12,297.70,327.47,-76.58
84,17921,-28058.86,-27342.98,18341.22,-124,325,147,-134.99,297.50,327.39,-76.17
04,17665,-28676.48,-27608.78,18274.18,-123,329,141,-135.87,297.34,327.11,-75.92
440,18689,-29204.79,-27855.43,18237.54,-124,328,139,-136.58,297.40,326.66,-75.75
952,18433,-29644.43,-28103.94,18242.43,-124,329,143,-137.15,297.64,326.08,-75.65
,-28928,18689,-29996.14,-28371.15,18314.55,-121,329,139,-137.61,297.83,325.40,-75.65
1,-29952,18689,-30243.52,-28618.92,18372.24,-122,327,144,-137.78,297.98,325.29,-75.65
72,18177,-30407.21,-28731.94,18401.39,-123,326,142,-137.91,297.91,324.99,-75.63
29184,17921,-30521.17,-28839.35,18373.51,-123,328,141,-138.02,297.86,324.96,-75.61
29440,18433,-30646.34,-28891.08,18334.21,-128,327,140,-138.49,297.82,324.72,-75.60
2513,-29696,18177,-30848.87,-29000.87,18302.77,-130,331,133,-139.46,297.97,323.87,-75.65
31488,19201,-26761.30,-29242.29,18362.81,-133,328,136,-140.82,298.09,322.74,-79.07
18433,-19293.04,-29520.63,18410.85,-130,330,143,-142.10,298.38,322.06,-85.99
32511,-28928,18945,-8983.43,-29692.11,18500.48,-130,330,147,-143.12,298.61,322.62,-97.34
,-27904,18945,-735.74,-29590.49,18555.19,-129,326,147,-143.55,298.60,323.74,-107.43
4,17921,5930.61,-29321.39,18564.75,-130,324,147,-143.90,298.22,325.07,-115.63
904,17409,11263.68,-29037.91,18470.00,-131,323,151,-144.37,297.55,326.35,-121.90
53,15513.15,-28742.73,18274.80,-130,327,145,-144.75,297.01,327.16,-126.60
6,18177,18895.52,-28540.79,18135.64,-124,329,150,-144.66,296.95,328.03,-129.98
,18689,17334.82,-28328.03,18109.71,-129,334,147,-144.39,297.65,328.50,-128.50
04,19969,16120.45,-28226.02,18276.77,-132,331,145,-144.37,298.40,328.88,-127.21
9,-28416,19201,15114.76,-28144.42,18478.62,-113,336,137,-143.58,299.37,328.30,-125.99
464,20481,14498.01,-28301.13,18759.49,-17,356,178,-135.73,301.65,330.05,-124.14
19968,25601,11547.01,-27897.31,19359.79,-15,350,190,-121.84,304.59,334.76,-119.04
5,6814.01,-26806.25,20164.23,37,359,199,-101.18,308.44,343.17,-110.92
369,5570.41,-24875.40,21200.39,66,354,195,-79.19,311.34,351.00,-106.75
,25089,5975.12,-23040.52,21995.11,53,359,196,-57.11,314.22,357.71,-104.75
3568,-15360,26369,7442.50,-21470.21,22784.49,37,352,199,-39.45,316.14,363.07,-104.71
2,24577,8616.40,-20213.97,23296.59,54,356,198,-26.10,317.69,367.59,-104.86
4848,25601,9350.72,-19157.78,23740.27,63,353,194,-14.83,318.55,371.20,-104.72
