28927,18433,-8194,28617.91,18053.35,-8472.78,-144,-288,327,-159.03,-277.86,526.08,176.05
28927,18177,-7938,28662.53,18078.08,-8382.82,-144,-290,330,-159.21,-278.07,526.94,175.92
28927,18945,-8450,28715.42,18166.07,-8345.06,-144,-289,327,-159.34,-278.24,527.64,175.75
28927,18177,-8194,28757.74,18219.45,-8314.85,-143,-289,329,-159.26,-278.38,528.19,175.62
29183,18689,-8194,28808.59,18296.16,-8307.68,-144,-288,328,-159.19,-278.30,528.63,175.49
28927,18433,-7938,28849.27,18323.53,-8267.74,-144,-294,326,-159.14,-278.61,528.76,175.43
28927,17921,-9474,28881.82,18328.22,-8321.19,-146,-289,325,-159.29,-278.86,528.65,175.54
28415,17665,-8194,28856.66,18263.78,-8363.96,-145,-290,327,-159.61,-279.25,528.56,175.73
28671,18177,-8450,28819.53,18195.22,-8432.36,-144,-293,323,-159.86,-279.37,528.26,175.94
28927,17153,-9218,28789.82,18089.18,-8469.89,-144,-291,328,-159.87,-279.66,528.25,176.17
28927,18433,-8706,28800.06,18055.54,-8534.11,-144,-291,329,-159.88,-279.89,528.24,176.32
28927,18689,-8706,28825.45,18062.63,-8602.49,-143,-291,329,-159.69,-280.07,528.67,176.37
29183,18689,-8706,28862.76,18170.71,-8623.19,-145,-289,327,-159.73,-280.03,529.02,176.21
28671,18177,-8194,28875.61,18240.17,-8605.55,-142,-292,328,-159.57,-280.00,529.29,176.04
29439,18433,-8962,28919.89,18278.73,-8608.44,-141,-293,328,-159.24,-280.16,529.29,175.99
29695,18433,-9218,28989.51,18292.39,-8644.96,-143,-288,330,-158.99,-280.29,529.51,176.04
29183,18945,-7938,29079.41,18354.51,-8657.16,-146,-291,328,-158.97,-280.20,529.69,176.00
28415,18433,-8706,29082.93,18404.21,-8649.73,-144,-291,325,-159.16,-280.13,529.61,175.92
28927,17665,-8706,29034.54,18392.77,-8609.79,-172,-251,343,-161.26,-277.65,530.65,175.87
21759,22273,1535,28501.04,18605.61,-7946.23,-171,-238,346,-164.50,-272.47,532.81,174.26
22015,23041,4863,27647.43,19083.09,-6510.78,-144,-239,370,-167.09,-264.97,537.86,170.77
28927,29185,4607,26964.54,20233.07,-4475.03,-141,-252,349,-167.21,-259.15,542.33,165.53
29695,23809,1279,26947.44,21255.46,-2863.42,-162,-271,329,-166.72,-256.55,544.59,161.96
24319,18689,-3586,27087.35,21783.17,-2137.54,-189,-322,259,-169.26,-259.53,538.21,161.05
17407,769,-16642,26431.28,20310.94,-2973.23,-213,-285,266,-175.97,-263.97,526.93,164.63
11263,2561,-7170,24677.62,17716.55,-4204.98,-278,-216,230,-188.74,-264.15,510.60,170.64
-5378,-6656,10495,21294.90,13951.64,-4251.79,-286,-142,246,-205.40,-253.07,496.66,176.45
-7426,-2560,29439,16933.32,10717.71,-1217.23,-283,-39,269,-223.21,-228.85,485.73,174.99
-6658,3329,-9729,12249.26,8181.77,1039.82,-294,-62,272,-238.43,-199.93,480.08,169.86
-9474,4097,-15617,8229.00,6869.82,1104.65,-241,-156,322,-247.69,-177.54,481.08,164.31
4095,16897,25855,5780.80,7117.25,917.52,-203,-237,322,-250.02,-171.98,485.86,154.18
13823,16897,5119,5187.44,8219.80,1757.82,-204,-247,312,-246.04,-179.15,492.56,145.56
13567,14337,2559,6248.95,9784.44,3641.65,-195,-251,319,-239.73,-190.86,497.70,142.70
15871,16129,1535,7883.16,10984.95,3527.52,-176,-274,303,-232.93,-202.49,500.48,145.17
20735,12033,-4354,9651.33,11621.16,2804.82,-219,-241,302,-228.46,-211.41,502.04,149.56
9727,11777,4095,10809.87,11959.53,2328.86,-201,-258,308,-225.28,-218.92,502.41,152.26
14335,13313,-258,11634.29,12042.42,1828.68,-112,-261,357,-218.64,-224.19,506.68,154.11
-28417,25857,-1026,9017.23,13030.34,1650.35,-143,-309,306,-208.45,-232.70,510.32,144.42
29183,12801,-13314,8220.39,13888.87,347.08,-112,-311,314,-194.45,-242.69,513.67,140.86
-28417,14849,-13826,4732.91,14678.10,-1599.94,-117,-346,285,-183.64,-256.12,511.05,129.57
-29697,7425,-22786,1857.73,14080.68,-4608.35,-115,-387,276,-173.04,-271.73,506.74,122.19
-29185,5121,32254,-4333.62,13090.74,-3977.08,-102,-393,278,-163.98,-289.27,500.65,90.70
-25857,5633,30718,-9116.09,11684.40,-502.66,67,-406,275,-144.83,-307.04,495.11,67.80
17152,4865,27390,-9818.88,10388.72,5621.87,138,-390,269,-113.14,-321.45,490.23,67.56
-30208,3329,31486,-10449.30,9232.77,10470.29,139,-373,284,-72.18,-331.66,486.77,66.39
-29952,7169,-29698,-11226.64,8410.42,10321.44,134,-387,273,-34.93,-338.71,483.78,60.81
-31232,4353,32254,-15074.11,7718.34,10526.55,118,-391,275,-6.49,-344.35,481.84,52.38
30208,4865,31230,-14124.29,7267.07,10673.64,114,-405,261,14.70,-350.92,478.51,52.06
29184,1281,27646,-9422.23,6513.45,14614.11,84,-405,266,28.33,-357.30,475.41,61.40
21504,2561,27646,-2144.79,5791.16,17459.29,81,-403,273,36.90,-363.16,472.70,79.46
20736,4353,28158,3045.77,5179.13,19530.63,86,-439,195,41.81,-369.90,465.68,93.37
22016,-15616,18942,6720.22,3563.31,20607.51,84,-422,238,45.73,-376.41,458.07,102.18
21504,-4608,23294,9659.77,1792.64,21178.81,91,-391,286,49.65,-380.88,452.87,108.87
23296,7681,31230,12182.22,597.92,21840.64,173,-362,283,58.44,-379.58,455.33,113.58
-21248,6913,-26882,11315.78,1143.93,19315.32,217,-330,277,74.05,-372.93,460.18,112.93
-9984,5377,-18690,8523.62,2246.55,14496.25,223,-329,272,95.12,-363.68,462.95,109.35
-8448,4097,-18434,4173.70,2889.64,7330.00,222,-329,275,115.10,-354.22,464.51,103.04
-8704,4865,-18434,1529.96,3267.51,2160.20,220,-328,284,131.27,-346.46,466.42,94.57
-9216,7169,-18178,-533.83,3689.41,-1941.44,235,-317,282,144.99,-339.50,468.61,49.36
-5376,6657,-15362,-1980.07,4197.53,-5017.95,249,-295,283,157.72,-331.88,471.02,1.07
-1792,6913,-9730,-2676.25,4740.62,-6898.96,261,-240,295,170.64,-320.36,473.61,-7.06
1281,9985,4351,-2533.40,5362.70,-6901.77,286,-220,285,184.29,-304.96,475.91,1.51
7681,7425,9471,-1548.72,5911.56,-5248.62,318,-185,262,199.69,-285.90,476.20,24.48
15873,1537,18431,416.62,5992.25,-2048.69,340,-126,257,217.08,-263.54,473.78,63.71
21505,257,-32001,3337.10,5408.40,-1912.15,349,-122,250,235.09,-239.47,469.19,94.52
23809,-1536,-30977,6748.68,4343.92,-4499.52,352,-110,257,251.84,-215.54,465.08,131.39
24577,257,-27905,10058.34,3407.13,-9658.42,344,-79,262,265.43,-193.40,462.23,-175.41
22529,1537,-19969,12774.27,2742.91,-12983.34,346,-47,254,276.11,-171.00,460.17,-153.78
23041,-512,-11777,14895.82,2279.73,-14363.27,346,-32,252,284.26,-148.22,458.31,-153.56
23041,-1024,-7937,16490.66,1823.78,-14136.02,336,-109,265,290.20,-131.87,457.04,-157.55
20481,2305,-27649,17629.93,1510.22,-14466.21,361,-47,264,295.92,-118.79,456.68,-158.59
26881,2049,-11777,18797.34,1430.18,-14730.37,383,-17,245,303.04,-107.38,455.95,-161.66
32513,-2816,-4097,20362.87,1246.54,-14685.70,378,14,246,311.46,-90.59,453.83,-165.92
31233,-2560,3584,22332.10,775.44,-12567.76,380,21,239,319.37,-73.03,450.36,-169.85
31745,-4352,5376,24231.68,-28.05,-9730.01,379,18,242,325.50,-56.93,447.36,-168.78
31489,-3584,4608,25683.14,-722.04,-6879.61,349,71,246,328.46,-40.49,444.96,-166.06
23809,-2560,18176,26349.31,-1277.23,-3626.48,349,82,242,328.87,-23.40,443.26,-158.83
23809,-3584,20992,26353.25,-1670.19,17.21,350,78,243,327.25,-5.99,441.91,-139.86
24065,-3328,19968,25861.40,-1967.55,3956.17,344,66,255,325.57,7.56,441.48,-154.33
22529,-256,16896,25382.52,-2051.84,7021.94,344,47,273,324.02,16.16,443.58,-157.80
22529,4353,12032,24914.22,-1590.27,8877.15,344,68,254,322.40,22.47,445.91,-161.71
22529,-512,17408,24437.18,-1033.22,10190.72,344,83,246,321.10,28.65,447.12,-165.26
22529,-2560,21248,24055.54,-741.17,11531.78,339,90,244,319.67,36.21,446.10,-165.74
21249,-3072,23040,23664.83,-1002.54,13338.42,373,-11,241,320.47,37.39,444.17,-161.96
29953,-3840,-2561,23847.27,-1433.43,13452.54,354,47,246,321.70,36.09,442.63,-158.60
25089,-2560,12032,24163.81,-1778.15,12929.43,341,43,265,322.88,32.06,442.95,-157.24
21761,2305,11008,24451.25,-1695.52,11708.75,376,-55,245,324.02,26.02,443.64,-159.75
30721,-2816,-13825,24732.40,-1561.01,9981.20,367,-150,246,325.71,9.02,444.20,-164.21
28417,-2560,27391,25179.12,-1453.41,9623.16,352,-216,264,327.85,-20.68,444.42,-170.58
24577,2049,10495,25724.30,-1384.53,9302.53,351,-244,249,327.80,-56.23,445.04,-177.71
24321,-1792,3327,25733.64,-1261.02,10189.42,353,-246,252,326.98,-90.66,445.98,173.70
24833,-1024,2815,25502.31,-1059.82,9260.54,323,-298,258,324.37,-123.26,446.29,167.12
17153,513,-10498,24822.25,-1001.25,7118.03,305,-329,241,319.36,-154.77,445.87,164.64
12545,-3840,-18434,23493.20,-1091.00,3953.42,281,-358,243,310.67,-186.90,444.88,168.48
6401,-3328,-25858,21201.16,-1316.40,-489.86,247,-376,258,298.65,-217.47,444.08,-137.89
-2304,513,-30466,18070.33,-1496.72,-5375.69,213,-402,258,283.19,-246.42,444.77,-134.69
-11008,513,28414,13995.66,-1350.78,-6161.15,124,-436,262,260.48,-274.45,446.65,-129.96
31744,1537,19710,12425.33,-909.82,-3751.72,41,-449,267,229.05,-301.56,448.81,-133.81
10496,2817,16382,12022.26,-403.46,1299.02,27,-440,275,191.82,-325.49,451.87,150.76
6912,4865,18686,12894.61,291.83,4691.02,21,-447,270,155.21,-345.38,454.76,135.83
5376,3585,16894,11834.49,984.47,7216.81,18,-437,281,124.56,-360.54,458.17,128.80
4608,6401,19454,10593.99,1777.57,9442.25,21,-442,279,99.65,-372.86,461.13,122.12
5376,5889,18174,9499.19,2480.26,11188.60,16,-437,280,79.33,-381.97,464.37,117.02
4096,6145,19454,8537.96,3213.21,12756.28,21,-444,269,63.27,-389.81,466.09,112.61
5376,3329,17662,7820.16,3594.77,13891.03,-4,-451,269,48.86,-396.65,466.57,110.12
-769,3329,15870,6836.33,3729.21,14645.22,-62,-458,245,32.26,-403.43,464.53,108.00
-15617,-2816,14078,4735.07,3239.37,14890.18,-154,-396,295,7.68,-405.86,464.67,104.88
26367,9985,29950,4453.45,3291.30,15905.34,-212,-331,322,-25.45,-400.32,468.75,107.11
11519,16897,-18946,5047.36,4237.44,14396.27,-284,-201,322,-66.38,-379.79,477.77,113.88
-6914,16897,14335,6102.69,6308.55,13206.22,-312,-115,292,-109.46,-345.76,484.76,120.58
-14082,9217,-29185,4250.35,7914.24,8311.98,-308,-74,291,-150.16,-302.63,487.92,121.89
-13058,8961,-18689,1130.08,8669.59,4413.78,-285,-41,300,-182.72,-258.02,488.90,114.13
-7170,11265,-10241,-1383.13,8898.47,-343.18,-200,14,356,-201.56,-214.28,494.33,103.57
14591,25601,3584,-1482.31,10173.78,-1964.14,-207,40,336,-210.00,-172.36,501.98,105.77
12799,20481,10240,162.15,11962.02,-1332.51,-242,-59,333,-214.02,-139.76,510.54,114.31
3839,19713,-14849,2211.52,13955.82,-1134.21,-242,-138,335,-219.96,-123.22,515.84,122.71
3839,20225,30463,3134.22,15192.46,816.23,-254,-56,319,-227.84,-115.99,518.97,125.02
767,16129,-14081,3070.38,15891.76,755.19,-191,52,343,-230.83,-103.27,522.14,124.52
16895,22273,13312,3889.70,16621.81,2583.75,-124,170,332,-225.42,-74.01,524.46,125.93
-31489,19457,-22016,2189.96,17154.65,548.00,-205,194,236,-217.97,-35.06,520.12,119.96
13311,-5120,-15872,1666.57,16164.32,-1200.00,-104,242,248,-206.36,8.08,509.80,117.94
-26369,-2048,-3584,-1636.55,13750.66,-3724.80,-20,235,283,-190.24,46.53,497.79,104.52
-4865,6913,-5376,-2504.04,10983.52,-4635.24,-48,276,201,-167.21,82.52,485.75,97.25
-12033,-14080,5121,-4887.63,8172.62,-3963.99,-61,277,193,-146.05,113.38,471.91,78.93
-15361,-16128,5377,-6060.70,4985.10,-2829.79,-99,259,216,-134.20,139.56,455.99,60.71
-25089,-10240,769,-8347.36,1291.68,-1512.84,-245,165,235,-137.58,153.58,445.67,33.99
3071,-5376,-23296,-9169.69,-1082.86,-2353.47,-294,82,262,-155.30,152.63,442.51,3.86
-9474,1537,20992,-9435.15,-1804.89,-1984.97,-300,101,232,-182.55,142.14,441.30,-14.11
-11010,-6144,25856,-8708.92,-2109.31,-17.98,-300,88,245,-208.05,128.87,441.00,-38.77
-11010,-2816,22528,-9066.74,-2182.25,4610.62,-287,99,256,-227.86,119.38,440.32,-46.36
-7682,1,25344,-9233.39,-2343.00,8603.69,-183,141,320,-236.11,114.23,446.18,-56.41
18943,16385,-29440,-7370.11,-969.80,8111.75,-91,240,259,-229.25,119.65,451.97,-53.16
-23041,769,-4096,-6681.29,367.76,5943.40,-45,260,237,-207.97,133.91,455.28,-27.60
-11265,-4864,1025,-6369.23,1113.41,2587.32,58,277,202,-175.35,153.93,449.09,-1.05
14848,-13824,5377,-6392.59,-303.87,2223.46,139,260,191,-134.43,171.06,439.27,-29.15
-29952,-16640,1025,-6871.87,-2598.30,2273.77,198,243,187,-85.90,183.84,427.66,-43.26
-14848,-17664,-3328,-7494.30,-5287.04,2023.81,259,210,179,-34.01,189.75,416.61,-46.41
769,-19712,-11776,-8930.84,-7830.63,680.45,301,182,178,18.03,189.62,406.88,-40.47
11521,-19968,-18944,-7315.07,-10087.31,-1725.44,333,143,176,68.44,183.33,398.21,-40.94
19713,-20480,-28928,-3718.66,-12080.45,-5356.75,351,123,177,114.81,172.87,391.28,-48.63
24321,-20224,31488,728.68,-13709.16,-5377.60,353,118,178,155.23,160.57,385.73,-66.12
24833,-19968,30208,5173.94,-15012.12,-2117.68,351,123,178,188.73,149.43,381.29,-82.04
24321,-19968,31488,9037.35,-16020.30,4518.06,338,135,188,214.75,141.26,378.63,-88.99
20993,-17408,-30976,11906.28,-16639.04,5662.44,325,154,193,233.81,136.97,377.60,-92.25
17665,-16128,-26112,13723.63,-16878.03,2823.36,313,163,201,246.52,135.97,378.55,-95.46
14593,-14080,-23808,14528.90,-16676.83,-3134.32,345,99,219,257.08,132.92,381.51,-97.10
22785,-9472,25344,15292.52,-15986.66,-4145.85,404,-7,189,270.79,120.57,383.67,-98.39
-27647,-17152,-1537,12882.62,-15502.93,-3316.68,410,-42,200,288.01,97.76,385.17,-92.47
-26111,-14336,-10497,8241.29,-15132.94,-1766.15,410,-63,224,306.06,69.60,386.81,-79.82
-26111,-8192,-15873,1268.44,-14751.55,-3273.32,417,-71,208,321.29,43.14,389.45,-54.00
-24319,-12288,-17921,-4087.85,-14122.24,-5571.25,414,-39,214,333.67,22.15,392.67,-31.88
-25087,-10752,-9729,-8304.68,-13379.80,-7358.40,419,-5,194,344.15,8.93,393.03,-17.46
-23807,-15872,-1025,-11524.55,-13297.84,-7798.32,417,-12,137,352.54,2.09,388.02,-9.37
-24319,-30464,-2817,-14100.44,-14444.07,-7143.26,481,-45,10,363.74,-3.76,368.98,-3.97
-7935,2560,-11265,-15017.75,-14473.66,-6721.61,1058,8,-52,414.23,-7.69,335.63,3.50
8708,-13057,2048,-13583.80,-14309.53,-6179.49,703,-91,55,473.15,-15.70,302.98,7.13
-16638,14080,-23041,-11924.64,-11208.82,-7093.99,734,13,-24,536.67,-18.55,274.43,11.71
-8702,-5889,3328,-10648.51,-9291.46,-6852.79,660,4,27,561.74,-21.02,257.33,13.57
-27646,6912,1024,-12051.21,-6426.37,-6728.03,609,-24,48,575.55,-18.87,243.21,20.03
24834,12288,-5889,-10408.57,-4253.69,-5484.83,693,-121,131,584.07,-25.58,243.19,20.32
-19198,-32000,-30721,-9794.05,-4256.15,-6760.26,693,-154,196,593.03,-40.68,255.77,12.24
-19198,-15360,26367,-8739.24,-5742.92,-6091.01,668,-56,187,603.91,-54.82,276.00,11.75
-25598,-17664,-14081,-11257.60,-8929.14,-6101.81,597,158,170,606.37,-48.73,295.06,14.59
21762,-22016,-25088,-10541.68,-10812.51,-5734.85,434,375,135,591.56,-10.90,305.88,11.45
-19967,-30976,30465,-10020.14,-13360.41,-5168.08,286,415,120,554.96,48.75,309.46,7.01
7681,30720,-24831,-7384.51,-12173.13,-5431.26,207,378,145,500.32,110.14,310.55,1.77
-12544,-28416,31233,-7562.81,-11649.90,-1887.21,145,317,230,437.70,155.69,318.50,-0.71
-28416,-6656,15617,-8268.85,-9609.92,-41.97,77,293,246,374.14,184.45,334.14,-0.97
19712,-2560,9473,-8031.48,-10196.74,3721.23,42,298,234,312.57,202.41,353.06,-19.28
10752,-5632,10753,-6288.78,-9147.19,5366.38,32,279,246,255.91,214.53,369.52,-33.47
8192,-2560,5889,-2454.03,-8034.55,6034.10,-49,296,215,202.39,224.42,380.26,-53.79
-12289,-10496,10241,-1519.62,-7673.44,6619.48,-237,225,186,141.63,227.64,385.31,-64.92
5119,-17920,-7936,-1147.70,-8203.75,5841.79,-300,175,196,71.38,223.86,385.82,-75.26
-11010,-15360,-20736,-2130.16,-9481.40,3444.83,-356,97,194,-4.71,208.29,384.68,-80.03
-25346,-15872,24832,-3786.53,-10861.92,2499.86,-376,-25,218,-74.75,180.30,385.98,-82.76
-30466,-9728,-6145,-7484.02,-11420.14,1863.29,-418,-80,215,-138.38,142.18,388.56,-77.25
24318,-10496,-20225,-8086.82,-11542.51,1388.23,-539,-286,206,-201.19,87.72,391.52,-82.50
-6659,-12800,-7426,-7323.25,-11435.61,-1142.41,-561,-407,249,-263.52,20.38,396.09,-91.14
-12291,-1792,27134,-5500.80,-10820.89,-948.33,-513,-471,192,-319.43,-58.01,397.98,-101.82
-3,-16384,10750,-5664.04,-10721.71,1271.74,-499,-524,164,-361.62,-135.52,396.40,-105.24
3582,-23552,-2819,-5112.03,-11359.17,3354.99,-476,-592,188,-389.92,-209.13,390.71,-115.14
9470,-17408,-20227,-3219.83,-12910.13,1864.39,-364,-770,223,-402.81,-286.55,388.37,-124.86
-27394,-8448,-260,-3531.86,-13621.91,-62.09,-333,-810,253,-402.39,-366.46,393.13,-121.04
-19458,-768,-10500,-5317.49,-12672.33,-2115.47,-358,-790,138,-394.26,-442.74,393.18,-110.25
-25858,-30208,-5380,-9101.19,-12766.06,-2768.38,-506,-393,113,-397.11,-480.18,385.26,-99.48
1790,28928,30718,-10182.55,-10349.25,-1225.50,-506,-233,133,-410.51,-474.18,370.09,-93.32
1790,-31488,6143,-9631.24,-10463.80,1118.20,-501,-27,88,-430.59,-421.65,354.20,-98.85
3070,22528,-6657,-7261.79,-7039.84,2908.16,-498,10,73,-446.06,-354.55,338.61,-103.36
3838,18688,2560,-5229.64,-4983.47,2462.93,-432,158,98,-453.77,-276.52,323.48,-106.50
20734,25088,-25088,-2340.91,433.42,24.74,-335,296,140,-449.01,-194.07,315.14,65.88
-19970,-29696,10241,-1565.93,1285.34,-799.21,-234,356,184,-428.04,-106.40,316.65,100.09
5887,-18432,25601,-809.34,-507.73,77.43,-192,378,182,-395.67,-22.60,324.04,-82.96
16639,-18944,31233,-477.07,-4877.58,4533.55,-165,385,220,-358.85,50.06,335.92,-138.23
23551,-9216,-32511,2690.14,-7008.07,5248.24,-142,388,213,-323.35,110.06,347.63,-148.10
29439,-11008,-31743,6793.91,-8217.65,1997.19,-136,386,228,-291.24,158.63,360.32,-163.61
30975,-7168,-32255,11032.73,-8400.12,-4836.05,-140,384,227,-264.00,197.48,370.91,172.67
29951,-7424,-32767,14850.38,-8426.70,-10319.84,-153,382,251,-242.99,228.18,382.25,163.81
26623,-1280,32257,17716.91,-7799.36,-10440.07,-157,430,219,-227.54,255.36,390.67,158.65
25599,-9472,-20991,19651.73,-7451.09,-9785.46,-212,476,274,-219.86,282.92,400.93,155.39
11519,4609,-9215,19970.78,-6370.27,-7691.77,-123,454,276,-211.77,309.45,410.91,152.38
-31233,5121,-14847,16368.83,-5079.02,-9156.81,-100,420,256,-201.59,330.11,421.55,150.64
-25345,1,-23551,10091.26,-3414.61,-10499.65,-73,445,267,-184.28,344.59,429.62,147.81
-18433,2817,-17151,3072.41,-2202.49,-12102.92,-43,466,274,-165.37,356.92,435.85,133.27
-10753,4609,-11775,-1177.47,-1266.99,-13180.74,-98,456,245,-150.04,369.02,440.18,108.82
-24833,-2816,-14335,-4543.18,-706.39,-13428.59,-103,420,184,-139.72,377.21,437.45,88.76
-26113,-18432,-23551,-7747.74,-1674.32,-14053.47,-23,367,140,-130.11,377.59,425.32,74.43
-5633,-29696,28417,-9970.00,-4735.65,-11873.98,74,328,160,-111.30,369.84,409.43,50.44
18944,-24576,18433,-8829.40,-8635.32,-7945.98,120,298,145,-81.83,356.15,393.84,-8.83
30720,-28416,10753,-4128.12,-12420.66,-2516.59,196,246,232,-44.01,337.52,388.22,-75.73
-15360,-6144,-2560,-1015.69,-13878.93,-238.27,263,184,255,-1.47,313.63,390.58,-85.98
1793,-256,-18432,330.84,-13424.14,-873.22,316,150,227,45.23,285.35,398.66,-84.68
15361,-7424,-27136,384.28,-11660.91,-3906.97,302,282,264,89.42,264.97,407.32,-75.87
11777,2049,6657,2236.02,-9704.13,-5719.58,178,340,330,119.31,258.40,419.78,-81.75
-19968,18945,21505,2266.82,-6858.70,-4507.26,-58,608,186,118.85,281.79,426.88,-89.76
-14593,-17920,24578,294.65,-5282.16,-89.81,-25,538,185,97.22,316.41,426.59,-80.23
-6145,-18176,6658,-2477.88,-5369.13,3444.15,-53,512,177,65.10,354.78,415.08,-67.01
-13313,-20224,2,-4252.30,-8049.91,4837.72,-179,302,40,31.61,366.38,395.27,-68.47
19967,10240,11777,-3368.04,-8317.12,5099.18,-144,215,-34,-2.99,355.63,363.29,-76.43
28927,-8449,-10496,-322.43,-7882.50,4164.74,-169,112,-85,-38.27,321.94,318.48,-93.53
22527,-21505,28672,4503.45,-7620.20,5328.59,-78,90,-164,-59.87,281.89,267.60,-116.80
-19713,23807,23040,5718.76,-6505.96,7010.48,-41,21,-191,-70.51,237.68,215.41,-121.85
-10241,16895,5376,4080.01,-3924.97,9414.18,-46,1,-199,-71.04,195.39,165.25,-119.05
-11521,14847,256,499.01,563.23,9442.75,-66,-12,-202,-70.67,155.19,122.26,-117.51
-16641,14079,-2817,-2160.99,3505.18,7741.80,-76,1,-200,-72.53,121.90,87.20,-125.34
-19201,14591,256,-4886.19,5705.14,6039.84,28,-7,-230,-69.33,94.71,56.94,-160.38
7168,6911,-1537,-5820.56,6936.12,4558.67,32,6,-229,-60.34,74.09,30.75,163.68
8192,7167,1536,-4912.44,7460.09,3663.94,23,-28,-239,-46.91,55.90,6.92,176.70
5888,4607,-6913,-2513.56,7213.67,2470.35,-72,-92,-224,-42.40,35.92,-11.70,-167.68
-18177,8447,-23297,-2283.84,7118.94,64.68,-85,-110,-224,-46.40,12.82,-26.38,-168.04
-21505,8447,-27905,-4079.88,7128.55,-3822.46,-132,-159,-209,-59.74,-13.89,-35.91,-170.92
31999,12287,25087,-3776.10,7648.24,-4798.97,-94,-164,-232,-71.78,-39.75,-43.98,-158.94
-23809,6399,23807,-3908.48,7927.39,-2439.97,-192,-126,-186,-88.43,-61.38,-47.78,-166.91
16639,18175,-32001,-1471.58,8799.32,-825.78,-276,17,-92,-111.11,-67.82,-42.20,-165.74
-4866,-23297,4352,-1979.67,7124.45,-916.62,-292,-34,-82,-142.12,-64.74,-26.69,178.54
-8962,-20737,-8449,-1396.33,3975.76,-3139.70,-205,206,11,-167.71,-41.69,0.31,176.68
13311,2816,-12800,-1151.47,432.81,-3638.16,-218,204,28,-184.48,-11.63,30.74,-179.47
9983,7168,-13312,34.23,-370.55,-5214.53,-112,270,62,-186.19,31.32,65.48,171.86
-28417,15872,3585,-314.02,1427.16,-5673.42,-142,259,105,-183.47,69.04,100.34,152.19
29439,26880,769,482.38,4469.73,-5135.94,-151,248,73,-177.00,102.04,131.54,140.19
27135,18688,-2048,2262.91,7671.78,-3955.15,-152,238,51,-174.36,126.37,155.62,143.79
26879,13056,-4608,7373.73,10045.62,-3556.52,-51,273,23,-166.40,146.77,168.92,158.73
-12801,5888,4353,8646.38,10545.30,-2998.62,-12,268,-12,-150.86,164.22,173.15,159.18
-2817,-2817,3073,7667.71,9511.24,-2211.09,9,278,0,-128.10,180.80,172.77,155.11
2304,0,5633,5246.56,7813.59,-898.27,15,274,-5,-105.60,194.06,170.71,150.09
3840,-1025,4609,4419.05,5994.87,168.98,74,258,-36,-82.14,204.10,167.28,154.14
18944,-8961,513,5207.64,4130.30,852.18,83,254,-34,-58.50,210.65,161.89,175.54
21248,-8449,-512,7101.51,2075.24,988.95,98,254,-37,-34.12,214.57,155.37,-153.65
25088,-9217,-512,10033.21,-114.81,757.16,134,237,-53,-10.72,216.39,148.83,-124.88
-31232,-13313,-4864,9033.37,-2157.05,213.33,152,252,-11,12.48,217.67,145.36,-154.09
-26624,-2561,-1024,5042.29,-3398.24,-255.94,123,276,45,32.61,220.19,148.56,-138.31
31488,11520,5121,2276.04,-3008.79,-255.75,157,262,35,50.26,223.70,157.52,-111.82
-25344,8960,1537,455.63,-1212.43,171.00,123,273,39,62.44,227.82,168.23,-90.04
31488,9984,4353,2873.30,1060.85,870.80,77,280,31,69.26,231.30,175.91,-162.82
19712,7936,6145,4022.24,2640.68,1498.84,110,265,-13,71.59,234.27,178.52,164.48
28160,-3073,2305,8508.39,3102.35,2052.47,134,242,-41,74.24,234.78,174.86,-173.70
-31232,-10241,-3584,7915.92,2123.48,1966.38,159,209,-66,81.62,230.69,164.64,-155.01
-24832,-16641,-12032,4472.53,-298.22,685.70,141,222,-47,89.48,224.80,154.03,-118.61
-29440,-11777,-8704,-2122.17,-2815.77,-1072.64,129,234,-22,95.57,219.53,146.87,6.09
-32512,-5377,-5632,-7483.34,-4505.62,-2615.91,146,238,-14,99.46,217.18,145.12,31.53
-28160,-3329,-4608,-11994.07,-4969.90,-3355.53,129,251,16,101.80,217.18,148.36,38.55
-32512,4096,-1280,-15807.46,-4283.12,-3452.42,124,251,19,103.48,218.11,153.83,44.07
31744,4864,-1280,-14574.37,-3051.09,-3239.74,122,257,35,103.26,220.16,161.74,46.62
31232,8960,257,-9628.69,-1246.27,-2745.19,109,269,64,101.71,222.93,171.60,48.82
27904,16384,3329,-1644.36,1016.78,-2042.55,96,271,72,98.73,226.27,183.47,52.38
24576,18432,3841,4265.32,3731.82,-1139.04,108,269,79,95.36,229.69,196.06,107.11
27648,20224,3329,8754.05,6654.66,-211.43,108,270,102,92.67,232.61,209.00,117.98
27648,26112,3585,12328.04,9641.53,547.85,83,272,98,89.54,234.95,221.35,121.62
21248,25088,4097,14965.23,12474.82,1172.28,92,272,87,86.06,237.00,231.67,122.57
23552,22272,4097,16801.99,14877.86,1723.03,93,274,90,82.30,238.84,239.04,122.85
23808,23040,4609,18015.39,16595.49,2231.82,92,277,93,79.88,240.68,244.71,123.17
23552,23808,5377,19139.71,17884.39,2724.26,94,275,101,78.14,242.34,250.13,124.06
24064,25856,4865,20073.37,19154.31,3169.41,76,278,121,75.58,243.85,256.90,124.81
19456,30976,5633,20530.10,20699.45,3593.72,82,277,118,72.94,245.06,264.09,124.26
20992,30208,5377,20724.88,22362.16,3933.18,82,276,112,70.05,246.22,270.72,123.07
20992,28672,5121,20675.90,23880.13,4221.94,85,282,114,68.33,247.33,275.36,121.47
21760,29184,6657,20790.32,24974.90,4521.15,79,281,119,66.75,248.41,279.30,120.83
20224,30464,6401,20830.66,25867.92,4828.72,84,277,121,65.49,249.46,283.11,120.35
21504,30976,5377,20896.93,26735.94,5091.98,78,279,120,64.09,250.11,286.60,119.93
19968,30720,5889,20830.54,27532.75,5251.38,80,280,124,62.98,250.45,289.61,119.24
20480,31744,6145,20794.44,28255.40,5361.71,81,280,121,61.89,250.90,292.02,118.65
20736,30976,6145,20714.35,28833.52,5501.17,79,282,122,61.21,251.45,294.17,118.14
20224,31232,6657,20667.48,29330.22,5663.93,78,278,122,60.47,251.89,295.67,117.80
19968,31232,5633,20595.79,29693.38,5760.15,75,281,123,59.49,252.25,297.09,117.59
19200,31488,6401,20436.03,30018.10,5854.12,83,285,124,58.90,252.71,298.45,117.20
21248,31744,7425,20376.42,30312.08,5980.49,86,286,121,59.02,253.65,299.31,116.88
22016,30976,7681,20465.34,30530.07,6218.20,118,272,147,61.84,253.84,301.77,116.39
30208,-27904,4097,21270.27,26745.05,6254.76,112,268,197,66.05,252.87,309.26,121.95
28672,-15104,3073,22409.22,20594.04,5993.81,155,250,219,73.90,249.84,322.33,132.92
-25856,-9472,-1536,20128.97,12976.63,5170.64,215,213,237,86.42,243.68,339.41,145.89
-10496,-4864,-11008,15591.18,8418.71,3505.12,21,320,185,90.58,242.12,352.20,150.98
5376,-18176,16385,10407.94,4567.57,3060.09,34,357,105,86.12,247.42,354.02,167.01
8704,26880,25857,8565.16,3910.05,4530.27,16,368,101,69.48,261.40,345.54,-172.66
4096,25856,28673,8063.72,5432.04,8351.82,-34,391,108,52.66,277.07,333.01,-156.56
-8449,27648,-30975,6740.98,9704.43,8251.66,-118,382,86,29.45,291.11,321.66,162.80
-29953,22016,32257,3105.78,12798.15,8598.32,-289,326,196,-9.00,299.72,319.65,128.18
-8194,-15360,17921,-621.77,12525.32,8158.86,-298,281,294,-56.93,299.68,331.74,110.36
-10498,9729,6401,-3740.42,11112.46,10298.89,-233,331,250,-102.68,296.46,353.35,102.41
6143,-1536,19201,-3828.93,8412.16,11140.51,-252,329,225,-136.94,294.08,372.85,173.49
1279,-7936,18689,-3268.15,6746.73,11865.01,-284,307,210,-163.37,293.86,382.26,-142.88
-6914,-11776,13057,-2580.72,3980.99,12888.41,-267,327,199,-186.66,293.49,386.03,-125.01
-2562,-14592,18177,-2610.97,897.99,13638.93,-266,325,198,-206.27,292.83,387.06,-116.16
-2306,-14848,17665,-2874.18,-2029.21,14170.94,-93,396,201,-209.47,297.91,387.22,-110.01
-23553,-14080,-29695,-4193.94,-4524.57,11746.55,116,390,238,-187.27,305.91,390.22,-97.04
29696,-4608,-31231,-3099.35,-5855.25,6513.24,212,351,230,-138.51,313.99,395.05,-89.86
-11264,-6656,24321,-2820.88,-6373.80,2770.39,300,296,215,-73.95,314.09,399.80,-80.53
11265,-10496,10241,-276.91,-6549.64,2438.32,358,249,192,-6.51,305.37,400.28,-88.89
26113,-16384,-1792,1519.27,-7475.31,4135.25,392,223,162,59.14,290.54,395.59,-91.29
-30719,-24064,-8448,1659.22,-9376.45,3308.20,394,207,160,117.71,273.05,387.85,-83.65
-30207,-24576,-12544,-993.42,-11835.96,1127.76,383,221,159,166.12,257.38,379.23,-63.00
32513,-24832,-8960,-2688.94,-14366.77,-1094.59,375,233,162,203.88,245.40,372.34,-48.99
30465,-24064,-5888,33.45,-16391.41,-2701.67,309,284,202,228.43,240.69,369.92,-55.09
13569,-13824,7169,5129.76,-17294.33,-2673.14,130,402,154,231.69,248.15,367.54,-72.40
-32256,-26112,-28159,4889.01,-18102.07,-3930.31,59,419,146,213.82,265.72,364.53,-71.58
15104,-28160,-23807,3672.41,-19021.25,-6130.65,47,422,158,182.37,288.40,358.81,-67.67
12032,-25088,-23039,2596.72,-20507.60,-9904.72,135,393,186,157.59,305.97,356.66,-60.11
-30976,-17920,-30463,1821.38,-21150.48,-13077.58,205,363,186,147.33,316.47,357.82,-50.44
-13056,-17920,27393,-676.10,-20982.19,-12202.66,268,326,193,153.35,318.89,361.39,-42.23
3073,-16128,17921,-3271.48,-20250.15,-8772.13,310,295,189,169.68,314.83,364.48,-39.57
13825,-17152,9985,-2361.18,-19613.32,-3331.10,328,288,187,190.73,306.90,366.94,-50.84
18433,-17664,8193,466.45,-19086.86,-258.28,286,330,179,208.75,300.74,368.03,-61.57
7681,-19712,18945,3035.76,-18904.69,2268.17,220,368,172,217.31,300.31,367.58,-69.98
-9216,-21504,28673,3555.01,-19048.95,5535.14,342,316,184,224.94,301.84,366.99,-71.54
22017,-18432,15361,4209.41,-19215.56,8626.71,404,272,211,238.84,299.31,368.95,-71.90
-27647,-11520,4097,2377.93,-18802.85,10109.97,412,262,185,262.44,290.74,371.41,-65.78
-25599,-18176,1537,-179.46,-18250.68,9487.58,436,235,179,287.37,278.83,372.93,-57.56
-19455,-19712,-5376,-4990.17,-17894.34,7607.26,439,233,177,309.65,266.87,371.72,-42.93
-18687,-20224,-5888,-8241.53,-18189.47,5437.41,407,259,185,327.08,257.12,370.74,-31.53
-26879,-18176,769,-10927.83,-18425.58,3650.33,350,308,192,335.38,253.80,370.85,-22.60
24065,-16384,13313,-10175.66,-18392.66,3466.46,306,342,196,333.43,258.08,372.48,-24.33
12801,-15360,22017,-7474.73,-18042.13,5179.77,235,381,193,320.76,268.99,374.23,-34.00
-5376,-16128,32001,-3880.58,-17625.10,8632.42,227,385,194,302.63,282.58,375.85,-47.44
-7424,-15872,-32511,-3104.47,-17257.28,8339.73,212,397,192,281.88,296.83,376.93,-51.37
-11264,-16384,-29439,-4087.77,-17031.43,4675.19,170,414,193,261.19,310.28,377.79,-48.23
-22016,-16128,-25087,-5983.82,-16850.74,-2062.25,132,429,194,238.40,323.85,378.47,-33.98
-31744,-15872,-21247,-9121.86,-16706.19,-6701.20,109,439,188,213.53,337.33,378.58,-15.20
27904,-17408,-18687,-9021.08,-16658.76,-9695.56,70,445,185,187.01,349.99,378.23,-8.88
17920,-18176,-17151,-6278.27,-16757.40,-11562.05,22,451,177,158.77,361.61,376.62,-11.27
5632,-20224,-15615,-1592.21,-17126.32,-12679.84,7,446,172,129.55,371.28,374.22,-24.40
1792,-21504,-16895,415.83,-17694.66,-13454.47,-36,450,173,99.35,379.39,371.42,-36.13
-8961,-21248,-15871,230.26,-18354.13,-13988.98,-126,432,170,65.64,384.57,368.52,-44.31
-32001,-22016,-20479,-2426.99,-19001.10,-14740.78,-251,396,151,21.90,385.72,364.65,-39.71
1535,-26880,-29695,-4569.99,-19877.08,-16195.63,-390,310,147,-36.11,377.84,359.79,-55.97
31486,-27904,13825,-3587.99,-21021.67,-15379.70,-473,184,207,-105.13,356.00,358.55,-122.09
10238,-12544,-18432,13.41,-21305.73,-14590.56,-449,188,245,-173.22,325.61,364.41,-146.08
16382,-2816,-17408,3884.32,-19928.79,-13140.05,-444,214,203,-231.20,295.31,373.30,-158.41
17662,-13568,-10752,6059.46,-17871.43,-13618.04,-334,296,205,-268.62,277.99,380.19,-169.28
-19714,-13056,10241,5802.77,-16259.74,-12089.03,-323,289,201,-290.36,270.50,382.61,-169.74
-16898,-14080,8449,3379.01,-15721.39,-9142.03,-329,282,221,-300.15,268.82,385.87,-158.31
-18434,-8960,6657,-966.39,-14983.52,-5623.82,-317,194,209,-307.00,261.11,388.70,-134.42
-15362,-12032,-15872,-4152.71,-14324.81,-4550.06,-292,-60,237,-310.34,233.03,393.61,-117.72
-8962,-4864,-15105,-6172.57,-13183.45,-5261.25,-281,-73,245,-309.89,188.49,399.31,-107.98
-6146,-2816,-18433,-6969.26,-11860.76,-7503.00,-281,-76,246,-307.19,136.19,406.52,-105.07
-6146,-2560,-19201,-6992.20,-10171.21,-9518.20,-280,-75,249,-304.26,93.41,413.18,-105.82
-5890,-1792,-18945,-6805.76,-8614.77,-11386.36,-282,-72,246,-302.10,59.19,418.72,-109.64
-6402,-2560,-18177,-6673.81,-7352.61,-12863.89,-294,-63,207,-301.15,32.56,420.28,-114.55
-9474,-12544,-15873,-6790.05,-7008.49,-13824.11,-297,-70,197,-301.57,11.64,417.55,-116.57
-10242,-15104,-17665,-7173.24,-7620.59,-14506.89,-284,-72,222,-301.90,-5.10,413.60,-115.04
-6914,-8704,-18177,-7513.79,-8519.87,-15053.11,-289,-76,223,-301.97,-19.25,411.77,-113.31
-8194,-8448,-19201,-7701.03,-8966.30,-15711.89,-287,-81,223,-301.25,-31.31,412.07,-112.94
-7682,-8448,-20481,-7680.03,-8879.64,-16426.71,-288,-77,218,-301.06,-41.33,412.09,-114.10
-7938,-9728,-19457,-7731.62,-8878.51,-17083.97,-286,-76,228,-300.71,-49.35,412.55,-114.74
-7426,-7168,-19201,-7721.70,-8792.41,-17609.78,-286,-75,219,-300.24,-55.39,412.47,-115.51
-7426,-9472,-18945,-7696.56,-8791.73,-17928.02,-290,-71,219,-300.06,-59.85,412.63,-115.92
-8450,-9472,-17921,-7710.65,-8774.18,-18080.22,-284,-99,218,-299.71,-64.73,411.87,-115.85
-6914,-9728,-25089,-7687.72,-8930.75,-18594.38,-257,-90,277,-297.69,-69.57,415.69,-115.83
-2,5377,-22785,-7174.57,-8066.00,-19261.70,-212,-264,274,-290.99,-85.61,422.72,-117.06
11519,4609,-1794,-5432.86,-6435.60,-18720.56,-50,-420,265,-270.43,-118.47,431.88,-118.42
-12545,2305,23806,-4414.69,-4329.08,-15027.85,67,-481,206,-232.92,-169.09,433.90,-109.78
17152,-12800,8190,-2456.75,-3855.66,-10008.88,147,-416,196,-179.71,-219.14,429.78,-102.10
-27904,-15360,24830,-3518.40,-4808.13,-4218.70,193,-373,233,-121.34,-256.18,424.04,-78.73
-16128,-5888,-29698,-4606.72,-6116.30,-3153.56,267,-338,170,-61.58,-276.83,416.81,-68.77
2817,-22016,-20738,-6432.98,-7777.24,-4229.85,372,-250,190,0.85,-283.05,410.57,-60.43
29697,-16896,1791,-4053.98,-9208.39,-6626.88,446,-174,144,67.17,-275.68,399.18,-66.19
-16895,-28672,21247,-2201.98,-11872.32,-5148.30,448,-147,127,132.13,-257.79,386.75,-65.69
-16383,32512,28159,-2000.19,-10368.25,-705.64,441,-105,151,188.58,-234.50,373.93,-53.57
-18175,-26880,-26625,-5030.35,-9830.60,954.09,397,-88,203,230.42,-210.44,368.10,-28.48
-29439,-13568,-22273,-8290.68,-8393.48,-619.33,376,-48,206,259.22,-185.01,369.18,-12.02
30721,-12800,-12033,-7758.74,-10264.59,-4557.47,370,-163,213,277.77,-168.23,374.68,-24.98
29185,-11008,24063,-4176.00,-10703.27,-4328.77,259,-361,218,283.64,-171.84,380.19,-37.73
769,-9728,-26626,704.20,-10798.22,-4436.02,161,-426,210,274.30,-198.31,384.81,-60.66
-24320,-11776,22270,938.96,-10805.97,-2235.01,96,-454,196,249.08,-237.64,387.41,-64.27
24576,-15360,15102,819.37,-11102.38,-1071.61,34,-464,193,214.28,-275.67,387.50,-66.53
8704,-16128,12542,1252.70,-11766.10,2470.31,-68,-431,238,171.42,-306.27,389.78,-68.71
-17153,-4608,20990,2077.16,-11819.28,5218.45,-176,-375,235,119.59,-325.89,394.48,-77.10
20735,-5376,-30210,2480.73,-11196.23,4396.16,-242,-309,237,60.18,-331.85,401.33,-94.94
3839,-4864,-13314,2479.18,-9946.78,2014.73,-289,-233,233,-1.58,-324.26,406.59,-106.91
-8194,-5888,6143,3075.34,-9032.62,-880.22,-318,-126,236,-60.35,-302.65,410.80,-115.44
-15618,-5120,-32001,1128.88,-8284.10,-3315.57,-325,-132,209,-112.63,-274.32,412.18,-109.24
-17410,-12032,31999,-1844.90,-8163.28,-2243.06,-327,-159,199,-156.99,-247.16,410.63,-97.75
-17922,-14592,25087,-4872.52,-8646.82,-122.25,-311,17,228,-192.09,-216.45,408.95,-85.79
-13826,-7168,4352,-7175.22,-9170.26,3998.00,-252,131,235,-215.29,-175.40,409.37,-79.69
1279,-5376,-32000,-7771.37,-9145.21,3027.80,-232,152,256,-227.81,-123.29,413.91,-78.42
6399,1,-26624,-6626.90,-8152.37,-1195.76,-215,187,274,-231.58,-71.11,421.07,-80.11
10751,4609,-17664,-4072.92,-6572.89,-6042.41,-102,276,247,-224.85,-20.20,427.69,-94.20
-25857,-2304,5121,-3838.74,-5104.71,-7444.93,-100,260,277,-210.88,27.27,434.53,-95.48
-25345,5377,1025,-5767.59,-3571.77,-6723.74,-99,268,272,-192.11,70.30,439.78,-54.36
-25089,4097,3073,-9700.07,-2379.42,-4764.39,-46,308,206,-173.38,106.60,440.89,-12.53
-11521,-12800,13313,-11890.26,-2125.13,-2650.91,54,321,161,-148.45,139.57,433.37,-8.30
13824,-24320,16641,-11031.21,-3901.51,81.07,53,320,165,-118.76,169.12,419.41,-35.66
13568,-23296,16385,-7766.96,-7148.81,3154.05,78,310,187,-87.02,192.96,406.91,-60.51
19968,-17664,13825,-3056.37,-10071.04,5646.64,109,302,202,-57.91,210.71,399.78,-84.16
27904,-13824,11777,1650.90,-11709.04,7316.32,180,289,180,-26.44,223.05,395.19,-99.27
-19456,-19456,8449,3215.12,-12763.43,8123.05,230,266,161,8.68,230.10,389.74,-99.22
-6656,-24320,2561,2691.50,-14050.74,8017.44,300,203,165,49.07,229.57,382.51,-91.84
11265,-23296,-13568,1163.40,-15712.00,6243.55,351,148,161,92.49,220.35,375.41,-81.31
24321,-24320,-27648,2859.32,-17365.20,2417.84,401,86,164,138.34,201.74,369.94,-79.40
-28415,-23552,22016,2765.45,-18636.56,654.27,408,76,160,182.04,178.99,365.12,-72.20
-26623,-24576,19456,164.56,-19739.05,1445.02,410,79,164,220.90,156.48,361.49,-59.76
-26111,-23552,20224,-5278.15,-20569.84,5269.02,403,74,167,252.19,137.73,358.81,-43.33
-27903,-22784,18944,-9598.32,-21183.27,8123.41,412,52,169,277.41,121.23,357.33,-32.32
-25599,-22272,13312,-12986.06,-21520.42,9997.33,416,52,167,297.98,106.34,356.36,-24.66
-24575,-22784,13312,-15593.84,-21738.93,11035.66,414,51,166,315.21,92.94,355.59,-19.04
-25087,-23040,13056,-17492.48,-21930.75,11473.73,382,109,185,327.05,85.77,356.07,-15.40
32257,-18176,27904,-15154.18,-21811.20,12796.99,367,120,220,333.21,84.34,360.44,-18.94
28417,-9216,30720,-9750.95,-20810.96,15016.19,380,78,227,335.98,84.88,368.35,-27.55
31745,-7424,19968,-1639.56,-18969.77,17252.35,383,91,219,338.21,84.19,377.34,-41.44
32513,-9472,23296,4866.56,-16916.62,18734.08,382,101,212,340.96,82.52,383.86,-53.72
32257,-11264,25856,10327.44,-15410.49,19595.27,373,110,215,342.77,83.05,388.20,-65.45
29953,-10496,28160,14576.76,-14410.39,20830.21,355,123,229,342.47,85.53,392.33,-74.35
25345,-6912,31488,17498.41,-13439.72,22364.37,339,130,239,339.30,89.39,397.62,-80.05
21249,-4352,-32256,19101.73,-12202.37,19717.50,323,149,243,333.65,94.91,404.07,-89.90
17153,-3328,-27392,19531.18,-10734.70,13896.80,294,146,258,325.03,100.64,411.21,-102.61
9729,513,-28160,18833.54,-9065.56,5263.64,228,137,320,310.92,105.79,422.89,-115.10
-7168,16385,-30464,16381.04,-6347.85,-1523.49,225,100,335,293.39,106.72,439.09,-126.93
-7936,20225,25600,12746.63,-2603.48,-3420.39,232,87,338,275.27,103.91,458.02,-154.65
-6144,20993,22272,8780.90,1757.42,-1575.91,132,127,372,254.54,100.91,476.91,139.03
-31744,29697,32512,3969.92,6133.54,4098.07,-4,128,387,223.13,100.38,495.79,95.56
-769,-31999,-32768,598.94,6152.83,4746.06,-53,114,390,179.48,101.65,514.86,68.58
-13313,-31231,29184,-2575.85,2686.86,5725.25,-130,104,370,127.59,101.16,529.91,16.87
32511,29185,26624,-832.08,-120.11,6116.20,-206,85,339,73.02,98.15,538.40,-36.80
13055,21249,21760,1484.54,1184.11,10064.16,-235,93,321,17.47,94.43,540.12,-153.03
5631,16641,23808,4600.63,5418.89,12864.13,-260,88,294,-35.36,90.34,535.96,151.34
-770,9729,22528,4874.90,7509.71,14830.90,-277,109,270,-82.31,88.55,527.56,148.53
-5122,3585,27904,3882.52,8004.77,16813.92,-294,154,243,-123.76,91.06,515.09,151.34
-9474,-3328,-26112,2081.62,7069.42,15072.34,-207,254,214,-153.41,103.36,499.14,153.10
12799,-10752,-512,1545.49,4955.93,12143.07,-150,306,180,-168.94,125.56,479.76,165.88
27391,-19456,12801,3284.00,1729.15,8793.06,-101,331,173,-168.70,154.36,459.17,-165.90
-25601,-21248,19201,3599.80,-2047.08,9133.64,-25,344,181,-156.80,183.02,440.26,-139.92
-6145,-19200,22529,2589.64,-5631.27,10942.32,130,304,245,-129.14,205.76,429.78,-120.61
-32256,-2816,12289,-2195.09,-7389.21,12355.05,174,252,294,-89.08,219.08,430.46,-93.21
-20992,9729,-1024,-5715.47,-6730.37,12136.84,231,204,309,-40.45,220.94,440.28,-71.88
-6400,13569,-13312,-8548.78,-4018.90,9573.07,274,147,326,7.81,212.70,454.11,-48.23
4609,17921,-27904,-8357.82,-467.32,4842.46,286,161,303,53.63,200.30,465.83,-26.85
7681,12033,-24320,-6293.66,2527.55,-495.03,345,132,259,97.70,185.88,471.67,14.48
22785,769,-31744,-2696.73,4070.24,-5993.83,378,104,237,139.78,171.73,469.71,50.84
31233,-4864,26624,1955.82,3785.39,-6757.66,399,108,180,180.85,157.04,459.09,80.50
-28927,-19456,27648,3237.25,1458.31,-3904.33,417,76,169,218.39,141.92,443.96,108.27
-24319,-22272,19456,1122.40,-1939.35,1791.74,443,-13,175,252.52,122.52,427.21,-81.65
-17663,-20736,-3073,-3829.28,-5715.68,4368.79,443,-30,170,282.75,98.39,413.15,-28.80
-17663,-22016,-7425,-7039.62,-8907.34,4092.23,445,-78,177,308.68,69.54,402.57,-18.51
-17151,-20224,-19713,-9130.10,-11324.28,1259.79,447,-118,181,329.82,39.91,394.54,-11.81
-16639,-19200,-29953,-10734.28,-13155.42,-2798.17,448,-131,178,346.93,9.84,388.56,-9.22
-16383,-19968,32255,-11932.22,-14483.74,-3399.14,430,-247,167,359.64,-24.70,383.12,-8.48
-20991,-22784,2559,-13146.58,-15716.99,-2395.31,398,-308,161,366.68,-64.13,377.21,-7.20
-29183,-24320,-13058,-14954.26,-17044.99,-465.85,385,-367,148,368.23,-110.46,370.28,-4.24
-32511,-27648,-28162,-17475.61,-18619.39,-2950.08,330,-420,180,363.03,-158.38,365.84,-5.11
18945,-19456,23806,-16830.29,-19657.12,-3520.86,346,-392,200,355.36,-201.96,365.16,-9.52
23041,-14336,30974,-12832.63,-19821.69,-1042.29,424,-257,202,351.76,-229.89,368.59,-14.75
-22527,-13824,-2,-8968.90,-19031.75,2817.97,454,-138,201,357.06,-234.65,372.89,-17.39
-14847,-14080,30463,-8130.52,-18041.40,6349.97,450,-85,191,367.94,-219.35,375.66,-13.60
-15871,-16640,-21505,-10054.02,-17402.72,5676.98,459,-76,187,378.98,-195.70,376.77,-8.83
-13567,-17664,-19201,-10995.42,-17147.78,3858.78,457,-61,172,388.01,-172.10,375.45,-7.76
-14079,-21504,-15361,-11697.33,-17438.62,-650.77,456,-57,170,395.62,-151.34,372.85,-10.05
-14335,-22016,-14337,-12156.47,-18029.70,-3780.42,454,-56,170,401.32,-133.62,369.44,-11.84
-14847,-22016,-14081,-12609.17,-18792.76,-5942.93,455,-39,164,405.88,-117.94,366.27,-12.67
-14591,-23552,-9729,-13005.54,-19539.81,-7297.35,442,27,166,408.56,-100.15,363.30,-12.69
-17919,-23040,6912,-13561.43,-20205.65,-6964.28,447,14,163,410.31,-81.81,360.47,-11.17
-16639,-23808,3584,-14125.75,-20857.72,-5520.42,423,65,162,409.56,-60.58,357.99,-9.29
-22783,-24064,16640,-15123.20,-21413.58,-2607.34,427,74,158,407.99,-40.60,355.57,-6.51
-21759,-25088,18944,-16177.16,-21994.86,525.33,421,79,162,404.98,-20.69,353.41,-4.73
-23295,-24064,20224,-17464.13,-22476.89,4140.66,420,78,161,402.37,-3.82,351.68,-3.63
-23551,-24320,19968,-18544.90,-22879.51,7254.93,420,85,163,399.90,10.23,350.74,-3.73
-23551,-23808,21760,-19528.92,-23116.41,9933.95,408,115,161,397.14,23.73,349.76,-4.28
-26623,-24320,29440,-20538.14,-23322.93,12691.56,402,128,160,393.76,37.70,348.98,-5.32
-28159,-24576,-32768,-21652.71,-23505.14,11382.04,394,140,163,389.30,52.25,348.36,-4.44
-30207,-23808,-29696,-22987.97,-23650.92,6904.04,387,151,165,384.37,66.14,348.08,-1.23
-31999,-23296,-26880,-24414.58,-23699.33,-432.97,366,181,150,378.09,80.61,347.20,3.45
28161,-27136,-19200,-21801.26,-23908.67,-5397.98,360,194,150,370.92,95.57,345.60,1.09
26625,-27136,-15872,-15922.01,-24298.14,-8448.38,347,207,153,362.45,111.09,343.45,-6.90
23297,-26368,-12544,-7532.21,-24814.51,-9933.11,339,224,145,353.92,126.12,341.28,-21.31
21249,-28416,-8192,-1281.17,-25312.81,-10386.89,317,236,149,344.36,140.77,339.54,-34.30
15617,-27392,-5120,2985.87,-25728.65,-10033.11,310,242,150,334.38,154.74,337.93,-44.43
13825,-27136,-3584,5768.09,-26112.52,-9152.89,308,249,149,324.25,167.41,336.87,-52.00
13313,-27392,-1792,7464.67,-26351.21,-8021.91,291,262,151,314.59,179.23,336.24,-57.38
8961,-26880,1537,8378.34,-26508.17,-6673.33,273,276,151,304.32,190.74,335.73,-61.26
4353,-26880,5121,8477.67,-26616.54,-5014.26,248,286,153,292.20,202.20,335.55,-63.80
-2048,-26368,7681,7533.14,-26635.03,-3055.61,211,308,164,277.44,214.37,336.51,-64.67
-11520,-23552,13313,5412.31,-26428.03,-703.49,184,321,170,259.78,226.90,338.60,-63.71
-18432,-22016,16641,2196.65,-25938.02,1946.21,172,326,169,240.78,239.37,341.38,-60.76
-21504,-22272,17921,-1673.08,-25273.02,4748.57,155,326,174,221.88,250.46,344.49,-56.62
-25856,-20992,17921,-5724.47,-24570.41,7297.65,130,340,160,203.24,260.46,346.09,-52.40
-32256,-24576,21505,-9887.17,-24178.93,9661.12,119,341,161,184.82,269.40,346.93,-48.98
30464,-24320,21761,-9752.94,-24002.34,11807.90,94,349,159,166.19,278.04,346.49,-52.93
24064,-24832,23809,-6317.55,-24117.07,13917.92,79,347,157,147.97,285.33,345.93,-61.48
20224,-25344,23297,-70.64,-24260.06,15725.34,56,351,162,129.29,291.91,345.47,-73.82
14336,-24064,24321,3851.69,-24357.25,17342.07,34,354,162,110.45,297.37,345.33,-81.96
8704,-24064,25089,5965.55,-24383.80,18720.66,3,354,164,90.51,302.29,345.66,-87.18
768,-23552,25089,6359.64,-24285.64,19943.12,-4,353,168,70.65,306.23,346.36,-89.93
-769,-22528,24833,5667.91,-24104.71,20955.10,-20,348,165,51.26,309.01,347.15,-91.25
-4865,-23296,23553,4209.93,-23908.77,21662.28,-40,350,165,33.01,311.04,348.00,-91.51
-9985,-23296,24065,2326.74,-23735.02,22159.83,-54,345,160,15.10,312.11,348.01,-91.20
-13569,-24576,22785,-33.20,-23732.41,22421.26,-68,345,160,-2.35,312.77,347.58,-90.24
-17153,-24576,22785,-2740.36,-23815.73,22579.21,-88,340,159,-19.43,312.74,346.80,-88.84
-22273,-24832,21505,-5725.29,-23984.79,22534.97,-102,337,165,-36.22,312.16,346.61,-87.09
-25857,-23296,20737,-8932.43,-24034.63,22362.97,-138,324,168,-54.13,310.38,347.12,-85.24
30463,-22528,17409,-8323.75,-23938.10,21866.98,-129,329,174,-71.19,308.39,348.64,-87.84
32767,-20992,18689,-4167.60,-23604.88,21282.58,-126,322,191,-86.39,305.87,351.62,-94.84
-32001,-16640,16897,-1252.28,-22894.51,20559.07,-63,337,184,-93.69,304.60,355.33,-99.55
-15873,-18432,20737,-2008.82,-22053.21,20202.06,-1,342,186,-91.13,304.33,359.18,-98.02
-1,-17920,22017,-4798.66,-21175.37,20138.25,34,341,186,-78.76,305.43,361.82,-92.28
8704,-17920,21761,-4316.93,-20558.29,20411.60,92,331,194,-58.91,305.93,364.60,-90.54
23552,-15872,19201,-1303.34,-19894.04,20527.88,107,329,192,-36.01,305.40,367.26,-92.32
27392,-16384,18689,2933.73,-19260.23,20398.90,109,327,192,-12.82,304.22,369.83,-96.18
27904,-16384,18177,7603.38,-18650.78,20056.92,111,328,193,7.10,303.10,371.89,-101.21
28416,-16128,18433,11663.51,-18180.23,19732.14,123,321,194,24.01,301.63,373.76,-105.41
31488,-15872,16641,15184.61,-17769.78,19335.71,133,316,201,39.10,299.71,375.91,-108.77
-31488,-14080,15361,14042.08,-17287.82,18830.77,157,309,202,54.09,297.05,378.30,-106.30
-25344,-13824,13569,9544.07,-16748.66,18102.62,181,303,189,69.99,293.80,379.77,-98.62
-19200,-17152,12033,2566.45,-16402.53,17212.89,205,296,185,87.39,289.89,379.84,-84.48
-13056,-18176,10241,-1786.84,-16398.82,16159.72,233,283,176,106.18,285.26,377.91,-73.72
-5888,-20480,6913,-3972.27,-16839.46,14873.57,252,273,163,125.89,279.69,374.37,-66.97
-1024,-23808,4353,-4509.02,-17635.77,13332.66,281,260,162,146.54,272.99,370.00,-63.19
6401,-24064,1025,-3641.21,-18665.41,11485.53,292,248,156,166.96,265.38,364.95,-62.01
9217,-25600,-2048,-1940.17,-19830.33,9410.42,303,240,155,186.61,257.23,360.25,-62.59
12033,-25856,-4096,291.26,-20898.87,7187.14,323,223,151,205.05,248.47,355.82,-64.49
17153,-26880,-8448,2793.21,-21941.49,4776.91,346,189,156,223.32,237.71,352.29,-66.97
23041,-25600,-17152,5716.37,-22775.59,1841.93,373,163,158,242.42,224.24,349.68,-70.08
29953,-25088,-23808,9249.50,-23391.68,-1820.26,395,128,162,262.38,207.66,348.25,-73.89
-29951,-24064,-32768,8935.80,-23696.74,-6371.41,406,101,163,282.25,188.78,347.77,-67.89
-27135,-23808,25856,5339.84,-23821.39,-7145.12,412,86,167,300.68,168.99,348.05,-56.82
-25599,-22784,22016,-1240.33,-23767.52,-4709.30,425,67,167,317.38,149.23,348.50,-41.53
-22271,-22784,17152,-5992.46,-23639.01,567.36,429,40,169,332.29,129.68,349.30,-32.51
-21247,-22272,10240,-9401.77,-23433.81,3747.69,433,25,174,345.59,110.30,350.60,-25.37
-20223,-20992,6400,-11770.82,-23150.25,5250.95,440,0,173,357.20,90.49,352.09,-19.94
-18431,-21248,0,-13410.06,-22821.00,5309.96,440,-15,176,367.07,71.27,353.71,-15.55
-18431,-20480,-3585,-14533.64,-22438.00,4435.57,441,-32,178,375.56,52.52,355.24,-11.88
-18175,-19968,-7937,-15295.92,-22063.40,2780.46,443,-44,180,382.54,34.71,357.12,-8.91
-17663,-19456,-11009,-15854.53,-21644.32,722.36,443,-58,181,388.32,17.85,358.85,-6.59
-17663,-19200,-14593,-16250.23,-21223.66,-1657.91,445,-60,180,393.14,2.49,360.45,-5.12
-17151,-19456,-15105,-16498.58,-20852.93,-4040.13,445,-60,181,397.20,-10.74,361.73,-4.62
-17151,-19200,-15105,-16663.07,-20539.34,-6218.90,442,-74,182,400.44,-22.26,362.98,-4.86
-17919,-18944,-18689,-16811.85,-20271.47,-8234.92,444,-65,185,402.83,-31.85,364.20,-5.50
-17407,-18176,-16385,-16947.88,-19971.78,-9933.14,445,-62,186,404.75,-39.70,365.61,-6.21
-17151,-17920,-15617,-17056.71,-19646.62,-11325.91,444,-71,180,406.48,-45.80,366.53,-6.80
-17407,-19456,-17921,-17109.57,-19420.70,-12388.93,452,-73,182,408.45,-51.06,367.03,-7.35
-15359,-18944,-18433,-17015.45,-19291.16,-13375.74,442,-67,181,409.83,-55.63,367.22,-8.15
-17919,-19200,-16897,-16991.36,-19272.93,-14250.59,446,-49,176,410.93,-57.99,366.93,-8.73
-16895,-20480,-12289,-16937.89,-19326.54,-14575.08,447,-4,168,411.62,-55.56,365.81,-8.77
-16639,-22528,-769,-16980.51,-19608.43,-13657.06,443,19,165,412.17,-48.19,363.59,-7.80
-17663,-23296,4864,-16997.41,-20106.95,-11471.85,433,44,163,411.83,-36.68,360.93,-6.19
-20223,-23808,11264,-17232.93,-20727.56,-8153.68,431,66,162,410.39,-22.98,358.36,-4.05
-20735,-24064,16896,-17694.34,-21326.45,-4321.34,421,80,158,407.87,-8.28,355.86,-2.12
-23295,-25088,20480,-18438.88,-21925.16,-214.47,409,105,156,404.30,7.23,353.20,-1.07
-26367,-25600,26880,-19444.10,-22523.53,4112.02,407,117,158,399.88,22.82,350.85,-1.35
-26879,-25088,29952,-20657.88,-23070.42,8443.62,393,138,156,394.59,39.04,348.75,-2.78
-30463,-25600,-30208,-22106.90,-23542.14,8529.69,372,165,165,387.82,55.75,347.73,-2.50
29697,-23296,-23296,-19528.52,-23765.91,5253.75,352,183,187,378.90,73.24,349.12,-5.58
24577,-17664,-18688,-14035.42,-23449.93,-609.80,338,181,220,368.25,89.86,354.88,-12.79
20993,-9216,-19200,-6210.53,-22104.94,-4566.64,323,182,234,356.41,104.27,364.57,-27.63
17153,-5632,-18944,-787.03,-19851.36,-7442.11,279,205,244,342.27,117.11,376.52,-40.06
5889,-3072,-13056,2305.98,-17075.69,-9366.89,266,184,273,326.27,127.57,390.06,-48.27
2561,4353,-18432,3551.58,-13950.55,-10855.51,258,7,378,309.18,125.08,411.50,-52.52
513,31233,1792,3438.67,-8992.84,-10664.01,292,-14,363,296.48,109.43,437.49,-52.18
9217,27393,-3329,3570.33,-2995.67,-9862.41,299,-31,352,288.47,83.61,464.03,-31.81
11009,24577,-7681,4238.87,3150.26,-8504.33,303,12,337,284.99,63.14,482.16,77.94
12033,20737,3072,5541.69,7367.21,-7332.66,297,7,329,282.39,48.08,494.24,87.82
10497,18689,1792,6669.16,10160.57,-6053.93,318,-8,313,281.69,37.34,501.03,90.08
15873,14593,-1793,7895.52,11729.65,-4638.54,312,-2,308,281.70,28.00,504.25,93.01
14337,13313,-257,9030.22,12489.92,-3728.03,336,-72,291,284.25,15.66,504.18,95.49
20481,8961,-18177,10603.58,12449.74,-4330.83,330,-118,287,287.07,-1.14,502.13,99.59
18945,7937,-29953,12067.06,11973.79,-6690.46,333,-113,281,290.69,-21.50,498.50,102.92
19713,6401,-28673,13596.25,11132.23,-10472.57,342,-150,253,293.98,-42.66,492.73,105.80
22017,-768,27391,14922.00,9810.39,-10460.26,332,-43,276,296.61,-54.91,487.44,113.39
19457,5121,-10753,16016.60,8565.11,-9170.41,321,-11,281,297.93,-58.34,483.22,121.50
16641,6401,-2561,16687.48,7568.89,-6397.93,226,71,347,291.58,-47.42,486.69,127.55
-7680,23297,18176,15244.38,8376.31,-4794.34,112,96,389,272.07,-29.89,497.86,123.49
28672,-31487,24576,14704.31,6581.85,-1156.07,-17,91,418,234.62,-9.50,516.74,131.68
-4097,-24063,23296,12889.65,3115.28,3478.34,-96,81,405,183.80,7.38,536.27,152.32
-24321,-27391,20736,10328.52,-3037.18,7356.47,-113,81,404,128.51,19.94,553.00,-152.64
-28673,-27647,20736,4456.81,-7703.14,10202.98,-144,94,388,76.09,30.18,564.17,-107.54
28927,-31743,24064,1961.05,-11947.91,12531.38,-144,117,374,31.04,40.62,570.68,-94.51
28927,30209,29952,3514.24,-11503.73,15008.51,-166,140,340,-8.51,52.71,571.24,-106.42
23295,21505,-29696,8221.19,-7871.59,13628.01,-182,149,315,-42.69,65.76,566.39,-135.19
19199,15105,-27392,11338.35,-1842.67,9093.41,-159,149,311,-71.01,78.25,557.86,-164.08
25087,14081,-27392,13576.08,1905.27,1642.72,-141,148,286,-91.91,88.62,547.07,-174.76
29695,7681,-27648,15792.87,3982.01,-4181.22,-214,120,231,-110.77,95.23,532.24,167.09
11007,-6400,30720,17020.09,4209.61,-4966.18,-168,134,262,-126.45,99.59,516.62,167.30
22783,1537,-31232,17848.28,3555.49,-5850.14,-132,156,271,-138.40,103.44,503.03,167.53
31999,3841,-25600,18664.42,2776.39,-6420.91,-112,163,285,-141.34,109.34,496.12,167.19
-28417,7425,-23808,16689.14,3074.51,-10512.73,-92,154,239,-138.81,115.18,489.06,162.46
-23297,-4352,-26112,12037.11,2920.41,-13444.79,-83,158,244,-133.47,120.03,481.41,157.19
-20993,-3072,-25088,4782.69,2336.33,-15756.23,-117,164,219,-129.59,123.92,470.44,144.77
-29697,-9472,-23552,-1106.25,742.66,-17588.38,-60,189,215,-124.34,129.27,459.89,122.62
-15105,-10496,-17152,-5271.20,-941.87,-18456.71,-39,210,212,-117.42,136.74,449.02,84.81
-9729,-11264,-11776,-7852.36,-2835.50,-18263.97,-35,216,200,-106.41,146.08,438.99,45.87
-8705,-14336,-10240,-8517.69,-4674.80,-17222.37,-23,218,195,-95.27,155.24,429.43,20.77
-5633,-15616,-9728,-8418.55,-6487.44,-15894.10,-16,226,166,-84.80,163.69,418.46,-2.40
-3841,-23040,-7680,-7946.64,-8722.75,-14558.48,8,220,144,-73.69,170.64,405.49,-29.04
2048,-28672,-9216,-6852.31,-11466.60,-13421.58,19,222,131,-62.26,176.39,390.47,-54.56
4864,-32000,-8704,-5277.25,-14754.08,-12443.87,56,220,143,-48.45,180.61,376.69,-72.90
14336,-28928,-9216,-2805.40,-17776.46,-11764.09,127,181,169,-29.59,181.55,367.43,-84.86
32512,-22272,-19200,1203.08,-19767.77,-11885.88,169,155,175,-4.76,178.19,363.34,-96.17
-22272,-20736,-25856,2600.86,-20609.82,-13126.70,232,133,196,26.61,170.07,364.04,-93.19
-6144,-15360,-31488,2353.69,-20379.05,-15604.16,268,107,211,60.88,158.89,367.70,-82.24
3073,-11520,27392,193.55,-19477.64,-14480.13,311,98,211,97.45,146.40,373.28,-66.07
14081,-11520,25088,888.84,-18142.12,-10184.70,380,29,214,136.27,130.03,379.07,-66.17
31745,-10752,7424,3970.87,-16766.49,-4154.16,418,-4,209,177.07,110.02,383.48,-76.98
-24063,-12032,-769,4627.50,-15700.00,-1207.13,414,80,191,216.53,92.88,385.46,-76.80
-25087,-16640,20480,2541.80,-15188.20,843.30,404,124,171,249.67,84.98,383.95,-66.65
-27647,-21760,31744,-3086.36,-15512.56,4104.84,402,147,161,275.00,88.20,379.20,-44.21
-28159,-24320,-27904,-7861.89,-16591.25,4905.07,397,143,162,294.30,94.71,373.20,-29.19
-29439,-24064,-28928,-11972.51,-17949.20,2251.66,409,80,183,309.93,97.11,369.28,-17.74
-26367,-18688,20480,-15175.61,-18830.76,-622.08,434,-23,203,324.58,88.36,369.24,-9.49
-19967,-13568,-5633,-17191.89,-18819.21,-1436.26,390,122,172,335.91,80.04,370.09,-4.73
-31231,-21504,31232,-18924.51,-18639.37,1922.79,357,185,159,341.46,79.95,369.00,-2.86
25857,-24832,-18176,-16829.01,-18905.09,2033.03,242,289,153,333.42,99.34,364.37,-7.22
-3584,-26368,8449,-14060.41,-19970.88,3060.03,160,323,167,312.17,127.39,360.23,-16.32
-24576,-22784,17153,-11401.73,-20908.90,2943.02,149,318,178,281.52,158.26,358.46,-25.78
-27392,-19968,15873,-12824.78,-21335.12,5119.42,66,344,174,245.69,186.33,358.59,-29.67
16896,-20992,22529,-12597.83,-21317.70,7799.13,147,338,181,216.06,209.71,359.58,-36.50
-27904,-19200,20993,-12638.26,-21064.76,10198.91,236,305,192,198.00,227.68,361.48,-41.01
-5120,-16384,12545,-11185.81,-20623.41,11896.93,261,289,201,196.23,238.49,364.99,-45.02
1281,-14080,8449,-11064.85,-19809.53,12316.54,300,261,194,204.76,242.46,368.68,-44.44
11265,-15872,1281,-8356.88,-18936.62,11338.23,360,204,198,219.77,239.27,372.07,-46.44
26625,-14848,-13312,-4074.10,-18135.90,8831.79,391,153,201,240.17,228.29,374.79,-51.37
-30975,-14080,-26368,-2798.28,-17495.32,4505.63,409,124,205,263.50,210.90,377.84,-49.69
-26367,-13056,31744,-4286.43,-16795.05,3075.50,431,90,204,286.85,189.87,380.73,-41.55
-20735,-13312,23040,-8634.14,-16132.44,4354.80,446,51,209,309.04,166.69,383.70,-27.60
-16895,-12032,13056,-11173.71,-15465.96,8006.44,450,30,208,329.52,142.34,386.30,-21.98
-15871,-12288,7680,-12505.57,-14881.56,9323.55,466,-8,203,348.25,116.68,388.16,-17.32
-11775,-13568,-1793,-12973.86,-14431.05,8721.64,475,-6,177,364.98,92.59,387.43,-12.88
-9471,-20224,-1281,-12853.49,-14616.84,7284.31,478,6,165,380.32,72.02,383.54,-9.67
-8703,-23296,1536,-12279.39,-15499.27,5725.05,476,1,156,393.18,55.93,377.11,-8.76
-9215,-25600,256,-11649.31,-17007.42,4614.04,478,3,153,403.66,43.62,370.20,-9.92
-8703,-26368,768,-11094.05,-18623.54,3861.83,478,7,150,412.04,33.77,363.56,-11.64
-8703,-27136,1792,-10649.84,-20172.43,3277.07,481,11,148,419.14,26.64,357.59,-13.22
-7935,-27648,2816,-10209.27,-21547.94,2980.05,476,8,147,424.62,21.13,352.37,-14.71
-9215,-27904,2048,-9890.82,-22750.75,2827.64,482,9,143,429.20,16.90,347.76,-15.77
-7679,-28928,2304,-9567.85,-23832.60,2739.91,479,7,144,432.87,13.33,343.62,-16.75
-8447,-28672,1792,-9343.68,-24766.29,2601.53,476,3,148,435.80,10.11,340.53,-17.45
-9215,-27648,768,-9164.35,-25496.23,2405.43,473,14,146,437.56,7.90,338.29,-18.02
-9983,-28160,3584,-9174.48,-26028.98,2333.94,464,38,152,437.99,8.00,336.93,-18.23
-12287,-26624,9728,-9438.58,-26318.59,2805.75,460,60,150,437.17,11.64,336.06,-17.95
-13311,-27136,15360,-9922.87,-26516.07,4156.00,455,79,149,435.34,18.68,335.59,-17.43
-14591,-27392,20224,-10617.49,-26622.86,6345.60,451,89,149,433.10,27.48,335.00,-16.73
-15615,-27392,22784,-11394.99,-26759.49,8967.68,437,119,156,429.74,38.09,334.96,-16.39
-19199,-25600,30464,-12409.60,-26766.39,12072.15,398,168,156,423.35,52.18,335.37,-16.36
-29183,-25600,-22528,-14194.08,-26652.52,11705.72,402,174,159,415.12,68.70,336.59,-14.85
-28159,-24832,-20992,-16457.86,-26390.81,8494.17,323,246,177,401.13,89.97,339.11,-12.01
17153,-20224,-2560,-15845.49,-25823.05,3723.34,321,246,184,384.86,111.85,343.11,-12.08
16641,-18432,-2560,-12300.79,-24890.84,1237.87,312,256,184,366.00,134.41,348.08,-17.99
14337,-18432,1,-6632.03,-23718.48,649.10,198,306,223,342.92,156.20,355.59,-30.84
-14848,-8448,12801,-4230.43,-21995.58,1202.08,142,317,236,312.75,178.12,365.36,-39.42
-29184,-5120,15617,-5363.94,-19729.67,2856.26,80,319,248,273.60,199.59,377.82,-41.39
20480,-2048,16129,-5861.15,-16824.73,5254.81,50,332,232,232.53,218.27,388.44,-45.30
12800,-6144,19457,-4415.92,-14347.19,7617.25,-12,330,233,189.73,234.14,396.72,-54.59
-2817,-5888,18945,-1501.94,-12416.35,9729.20,-49,318,235,147.30,246.66,402.46,-67.96
-12289,-5376,15873,-1355.15,-11093.48,11401.56,-124,298,232,102.04,254.61,407.06,-73.48
-31489,-6144,10753,-4190.32,-10035.19,12159.25,-162,285,220,56.09,258.16,409.85,-70.16
24319,-9216,7425,-4649.46,-9410.55,11997.40,-188,272,213,10.16,258.20,410.31,-73.74
17663,-11008,4097,-3020.17,-9286.24,11082.92,-220,259,202,-32.82,255.79,408.47,-83.59
9471,-13824,769,1014.07,-9698.79,9685.74,-274,229,180,-74.42,250.31,404.13,-102.79
-4354,-19456,-6912,2329.85,-10711.43,7612.19,-293,206,177,-114.53,241.81,398.00,-112.35
-9218,-20224,-12800,1590.48,-12135.95,4826.95,-326,169,169,-153.44,229.39,390.67,-115.00
-17666,-22272,-22272,-810.01,-13838.76,1062.76,-282,220,179,-185.15,218.89,384.80,-111.58
-6402,-19712,-9216,-2867.01,-15218.21,-2102.19,-220,274,183,-205.84,214.80,380.55,-109.29
9471,-18688,4609,-3266.61,-16219.37,-3473.55,-173,313,181,-212.45,220.51,378.03,-110.79
21503,-19200,14593,-975.29,-16815.49,-2113.24,-174,312,173,-210.71,230.70,375.58,-117.99
21247,-21248,14337,2701.17,-17394.79,545.21,-80,339,187,-200.16,242.96,373.83,-126.39
-20225,-17664,21249,3662.54,-17789.84,3781.36,-43,344,191,-183.33,254.65,373.10,-124.02
-10753,-16640,22529,2281.43,-17935.27,6899.29,-14,346,188,-159.34,266.24,373.62,-115.49
-3329,-17408,23041,-461.86,-17795.62,9974.03,2,346,195,-134.88,275.89,374.70,-105.22
512,-15616,23041,-1274.09,-17547.29,12553.23,0,342,195,-112.59,283.43,375.78,-100.75
0,-15616,22017,-1207.07,-17280.44,14582.38,16,343,200,-92.80,289.27,377.54,-98.62
4096,-14336,22273,-658.45,-16862.15,16154.51,36,339,197,-74.82,293.56,379.16,-97.63
