GY-511 Ready.
-1,-1,-6401,0.00,0.00,-426.60,194,256,122,8.58,14.23,42.43,58.91
-15872,31232,1,-1058.20,2082.00,-767.88,198,257,125,28.31,41.71,85.66,50.43
-14848,32000,257,-2894.56,5881.00,-1023.70,199,250,140,57.17,79.23,130.63,44.03
-14592,-29696,-1536,-5336.45,6940.40,-904.16,195,249,146,80.25,108.87,168.37,30.72
-15616,-28160,-1792,-7272.76,3828.72,-927.93,189,256,156,98.13,132.40,200.78,10.22
-17152,-25600,1,-8975.41,-2500.62,-964.14,189,254,136,111.85,151.60,226.48,20.70
-17152,-30720,-512,-10508.33,-7632.50,-924.72,191,253,142,122.43,167.14,246.60,-5.55
-16640,-29184,-768,-11802.86,-11806.20,-824.97,191,251,142,131.10,179.20,261.81,-16.09
-16640,-29184,-1280,-12804.29,-15384.16,-830.58,190,251,142,138.03,188.67,274.42,-21.78
-16896,-29184,-1280,-13588.43,-18144.13,-886.26,190,250,141,143.57,196.05,284.29,-24.82
-16896,-29440,-1536,-14232.75,-20369.10,-982.01,190,250,136,148.01,201.95,291.74,-26.64
-16896,-30720,-1536,-14765.40,-22251.48,-1075.61,191,251,138,151.56,206.68,297.49,-27.92
-16640,-30208,-1280,-15174.32,-23825.59,-1150.49,173,261,130,153.22,211.21,301.19,-29.03
-21248,-32256,1281,-15791.65,-25272.67,-1022.59,152,270,121,152.22,215.95,303.06,-30.05
-26624,30976,3585,-16934.12,-22317.34,-579.07,98,285,123,145.37,222.00,303.44,-26.33
25088,31488,7425,-15066.10,-15840.07,356.14,81,290,124,133.85,228.51,303.31,-23.44
20736,31744,8705,-10772.88,-6391.66,1599.11,73,291,129,119.56,235.04,303.86,-19.19
18688,-32512,8961,-4317.50,-3065.33,2951.89,86,286,144,107.35,240.45,305.85,-42.26
22016,-28672,7681,642.00,-4414.86,4051.31,50,296,147,95.43,245.15,309.22,-81.19
12800,-27904,10241,4080.40,-9471.09,5033.25,-16,301,147,80.25,249.47,313.23,-95.19
-3841,-27904,11521,5329.32,-13208.87,5989.40,-65,294,159,58.35,253.49,317.55,-97.90
-16385,-24832,9729,3768.45,-15943.10,6890.92,-68,285,160,33.22,255.96,321.88,-95.15
-17153,-24576,7425,522.96,-17908.48,7424.34,-72,283,157,9.42,256.81,326.02,-89.91
-18177,-25344,6913,-3029.23,-19310.18,7543.87,-91,276,153,-11.38,256.36,328.88,-84.79
-23041,-26368,5121,-6314.78,-20533.95,7332.30,-108,268,152,-30.55,254.89,330.73,-80.94
-27393,-26624,3073,-9625.83,-21649.56,6872.84,-122,263,154,-49.21,252.58,331.99,-77.69
-30977,-26112,1793,-13128.06,-22593.25,6164.07,-127,260,152,-66.47,249.61,332.78,-74.48
-32257,-26624,1025,-16544.25,-23365.20,5323.86,-136,260,154,-82.04,246.87,333.63,-71.65
30975,-26112,1025,-15386.00,-23948.56,4515.28,-139,251,155,-95.66,243.92,334.31,-75.35
30207,-25856,-1280,-10380.60,-24398.25,3663.43,-146,250,153,-107.73,240.81,335.07,-85.42
28415,-26368,-1536,-2331.48,-24741.00,2811.34,-144,250,154,-117.97,237.76,335.68,-103.11
28927,-26112,-1536,3971.42,-25015.20,1959.07,-144,255,157,-126.35,235.51,336.17,-118.28
28927,-25344,-256,8928.33,-25200.36,1345.46,-138,254,158,-132.67,234.09,337.01,-129.75
30463,-25088,-512,13030.47,-25263.09,922.77,-133,256,157,-136.95,233.32,337.89,-138.35
31743,-25344,1,16499.77,-25262.07,687.21,-131,257,165,-139.59,232.71,339.27,-144.71
32255,-23296,257,19497.22,-25124.86,532.97,-128,260,160,-140.92,232.59,340.37,-149.64
-32513,-24576,1025,17696.78,-24980.89,511.78,-119,267,165,-141.21,233.25,341.91,-147.13
-30209,-23296,2817,12126.42,-24729.11,682.62,-122,265,165,-140.85,234.33,343.14,-137.70
-30977,-23296,2305,3454.54,-24527.69,955.90,-107,278,174,-139.20,236.33,345.23,-119.30
-27137,-20992,5633,-3124.57,-24127.75,1481.72,-112,271,172,-137.30,238.11,347.35,-103.70
-28417,-21504,3841,-8268.26,-23688.20,1970.57,-74,287,180,-132.65,240.84,350.15,-91.49
-18689,-19456,7937,-11564.01,-23080.56,2737.06,0,324,169,-122.11,246.03,351.94,-83.17
0,-22272,17409,-12391.61,-22679.85,4135.45,48,328,172,-103.15,253.73,353.38,-79.17
12288,-21504,18433,-10339.88,-22359.28,6226.96,180,304,146,-71.60,260.83,352.10,-79.19
-19456,-28160,12289,-8749.71,-22683.03,8190.17,264,261,126,-29.20,262.58,347.98,-77.34
2049,32256,1281,-7340.97,-19306.82,8685.53,374,140,66,25.78,252.37,336.73,-70.76
30209,16896,-29696,-5019.37,-14046.06,5873.43,406,52,27,84.58,228.48,319.11,-62.30
-27135,6912,13312,-3674.10,-7499.24,3691.94,417,-37,-20,141.57,190.64,294.18,-47.93
-24319,-4865,-9217,-4355.48,-4736.60,1246.95,377,-184,-97,187.36,140.35,262.31,-18.45
30977,-24577,18687,-4849.38,-5291.28,2516.36,367,-203,-112,221.45,84.20,226.64,-11.89
28417,-28417,13823,-1541.31,-8090.22,3565.89,361,-205,-113,245.02,28.80,191.26,-27.95
26881,-28673,13311,4518.55,-11916.58,5907.31,361,-210,-116,262.90,-17.21,161.63,-46.18
26881,-29441,12031,9093.44,-15301.86,7336.85,337,-248,-123,275.26,-56.83,137.04,-48.57
20737,-31233,2303,12241.36,-18197.89,7712.48,336,-251,-128,283.39,-91.32,116.26,-47.01
20481,-32513,1535,14332.88,-20770.71,7227.78,333,-261,-127,288.13,-122.11,98.75,-44.86
19713,-32257,-1026,15528.31,-23016.77,5969.63,330,-264,-127,291.54,-147.67,84.53,-43.19
18945,-32257,-1794,16365.25,-24881.82,4690.10,324,-267,-131,293.49,-169.24,72.93,-41.86
17409,32255,-2562,16830.00,-22056.05,3393.28,324,-270,-131,294.46,-187.06,63.42,-44.99
17409,32255,-3330,17048.20,-15494.64,2202.23,318,-278,-133,294.46,-202.06,55.38,-54.67
15873,31743,-5378,17017.96,-5978.91,1010.58,320,-277,-130,294.07,-214.82,48.94,-78.28
16385,32511,-5122,16925.37,1650.67,-113.54,311,-279,-137,292.97,-225.58,43.35,93.00
14081,30719,-5634,16629.49,7651.94,-1166.43,314,-282,-135,291.90,-234.38,38.66,70.02
14849,31231,-6402,16324.60,12418.95,-2076.94,300,-291,-139,289.68,-242.35,34.24,54.09
11265,30207,-8706,15739.28,16078.96,-3044.35,290,-304,-137,286.54,-250.23,30.71,42.60
8705,30719,-12034,14912.62,19006.97,-4244.88,293,-300,-138,282.66,-257.65,27.66,32.64
9473,30463,-11010,13892.90,21298.17,-5512.51,289,-306,-141,278.78,-264.53,25.22,23.90
8449,29695,-12546,12889.32,23096.94,-6782.61,290,-307,-140,275.67,-270.22,23.05,16.38
8705,29951,-12802,12086.46,24484.75,-7849.88,284,-308,-140,272.60,-275.33,21.09,10.61
7169,29951,-13058,11290.56,25560.80,-8840.31,286,-311,-140,269.95,-279.61,19.53,5.65
7681,29951,-13826,10602.65,26438.84,-9717.85,287,-310,-141,267.64,-283.21,18.27,1.61
7937,29695,-13570,10001.12,27124.08,-10471.08,284,-316,-145,265.79,-286.66,16.83,-1.80
7169,28671,-15106,9519.90,27587.06,-11210.26,272,-316,-145,263.52,-289.80,15.45,-4.90
4097,28671,-15106,8896.12,27872.05,-11887.01,274,-320,-144,260.74,-292.86,14.13,-8.06
4609,28927,-16130,8175.10,28048.84,-12599.01,271,-325,-145,257.73,-295.88,13.07,-11.35
3841,28671,-17410,7376.48,28190.27,-13322.21,263,-325,-149,254.74,-298.85,11.78,-14.70
1793,27647,-17410,6583.98,28235.22,-14054.37,263,-332,-147,251.57,-301.98,10.53,-18.00
1793,28159,-19202,5762.19,28219.98,-14844.89,260,-334,-146,248.44,-305.05,9.53,-21.29
1025,28415,-19714,4917.15,28190.58,-15630.91,263,-328,-145,245.94,-307.69,8.95,-24.27
1793,28671,-18178,4241.12,28235.47,-16310.93,256,-332,-151,243.36,-309.80,8.27,-26.67
1,27135,-19202,3580.70,28202.97,-16854.95,253,-336,-151,240.90,-311.67,7.28,-28.81
-768,27135,-20226,2932.96,28091.78,-17324.36,249,-336,-152,237.96,-313.55,6.04,-30.90
-1792,26879,-20226,2175.76,27883.22,-17836.29,248,-338,-150,235.22,-315.42,5.05,-33.09
-2048,27391,-20738,1433.41,27733.58,-18348.23,239,-340,-151,232.05,-317.30,4.26,-35.16
-4352,27135,-21250,600.73,27613.87,-18826.18,245,-341,-151,229.32,-318.98,3.85,-37.06
-2816,27135,-21506,-133.82,27535.09,-19293.75,241,-343,-153,226.55,-320.71,3.30,-38.79
-3840,26623,-22018,-840.85,27420.88,-19753.20,240,-343,-153,224.53,-322.27,2.64,-40.35
-4096,26623,-22018,-1389.48,27295.30,-20171.96,235,-345,-152,222.14,-323.71,2.11,-41.73
-5376,26879,-22530,-1998.99,27177.84,-20575.17,233,-349,-152,219.83,-325.24,1.69,-43.07
-5888,26879,-23554,-2623.19,27100.87,-21000.13,233,-350,-153,217.40,-327.02,1.35,-44.40
-5888,26623,-23810,-3241.95,27039.30,-21459.71,232,-351,-152,215.26,-328.82,1.08,-45.65
-6144,26879,-24066,-3788.16,26990.04,-21929.77,230,-348,-152,213.35,-330.07,0.87,-46.73
-6656,26879,-23298,-4276.33,26950.63,-22288.61,231,-351,-151,211.83,-331.26,0.91,-47.58
-6400,27135,-24066,-4701.06,26953.30,-22592.89,231,-353,-154,210.41,-332.22,0.73,-48.30
-6400,26367,-24578,-5057.85,26921.24,-22870.31,230,-352,-155,209.28,-333.35,0.36,-48.97
-6656,26111,-24322,-5343.28,26844.40,-23160.65,229,-353,-152,208.37,-334.26,0.07,-49.56
-6912,26879,-24578,-5605.82,26765.92,-23426.92,229,-355,-153,207.45,-335.18,-0.16,-50.11
-6912,26623,-25090,-5849.86,26720.13,-23674.14,229,-347,-152,206.72,-335.53,-0.13,-50.52
-6912,26879,-23042,-6062.29,26734.71,-23786.51,228,-355,-158,205.93,-336.01,-0.55,-50.87
-7168,25343,-25090,-6249.23,26643.96,-23910.61,230,-355,-152,205.50,-336.38,-0.88,-51.20
-6656,26879,-25090,-6381.78,26588.57,-24009.89,220,-362,-155,204.57,-337.62,-1.37,-51.61
-9216,26111,-26882,-6641.43,26493.06,-24345.31,220,-356,-155,203.24,-338.61,-1.54,-52.21
-9216,26111,-25346,-6985.54,26467.85,-24630.65,219,-357,-156,201.40,-339.59,-1.89,-52.87
-9472,25855,-25602,-7448.63,26379.28,-24893.12,219,-359,-154,199.92,-340.19,-2.18,-53.52
-9472,26367,-26114,-7836.11,26325.62,-25051.90,218,-357,-154,198.55,-340.67,-2.18,-54.02
-9728,26367,-25602,-8180.29,26299.70,-25195.92,215,-362,-155,197.25,-341.42,-2.19,-54.48
-10496,26111,-26882,-8523.83,26295.96,-25396.54,212,-364,-157,195.83,-342.40,-2.41,-55.00
-11264,25599,-27394,-8918.26,26241.77,-25642.43,212,-365,-155,194.30,-343.56,-2.59,-55.59
-11264,26111,-27650,-9336.21,26181.42,-25975.54,216,-364,-153,193.07,-344.67,-2.74,-56.17
-10240,26623,-27394,-9653.37,26167.33,-26276.24,210,-364,-158,191.90,-345.56,-2.85,-56.63
-11776,25343,-27394,-9941.29,26138.87,-26516.79,204,-367,-157,190.57,-346.46,-3.17,-57.11
-13312,25599,-28162,-10308.24,26082.09,-26743.43,206,-363,-156,188.73,-347.00,-3.64,-57.67
-12800,25855,-27138,-10772.39,25985.47,-26907.55,207,-366,-157,187.06,-347.61,-3.79,-58.23
-12544,25599,-27906,-11194.91,25925.18,-27073.04,206,-364,-159,185.91,-347.91,-4.14,-58.68
-12800,25087,-27394,-11498.73,25842.75,-27154.23,205,-365,-160,185.00,-348.34,-4.64,-59.06
-13056,24831,-27650,-11758.98,25708.60,-27253.39,206,-368,-157,184.08,-348.69,-5.04,-59.43
-12800,25599,-28418,-11984.19,25601.28,-27366.71,203,-367,-155,183.14,-349.15,-5.13,-59.75
-13568,26111,-28162,-12215.55,25583.62,-27508.57,204,-367,-158,182.39,-349.71,-4.99,-60.00
-13312,25343,-28162,-12417.64,25603.70,-27656.25,201,-368,-158,181.40,-350.15,-5.10,-60.26
-14080,25343,-28418,-12664.71,25602.76,-27774.40,202,-370,-153,180.61,-350.70,-4.96,-60.51
-13824,26623,-28930,-12879.37,25636.01,-27920.12,199,-373,-156,179.59,-351.51,-4.63,-60.75
-14592,25855,-29698,-13136.50,25696.81,-28139.10,196,-370,-156,178.58,-352.34,-4.37,-61.02
-15360,25855,-28930,-13427.60,25779.65,-28348.48,201,-373,-159,177.57,-353.20,-4.60,-61.33
-14080,25087,-29698,-13677.48,25743.52,-28567.19,200,-373,-157,176.96,-353.88,-4.79,-61.62
-14336,25599,-29698,-13860.38,25697.42,-28742.15,195,-369,-158,176.28,-354.24,-5.15,-61.87
-15616,25343,-28674,-14023.71,25626.53,-28864.92,199,-371,-156,175.73,-354.53,-5.23,-62.07
-14592,25855,-29186,-14188.57,25621.03,-28929.14,198,-370,-157,175.10,-354.57,-5.29,-62.23
-14848,25599,-28930,-14354.45,25616.62,-28929.31,196,-371,-159,174.60,-354.61,-5.34,-62.37
-15360,25087,-29186,-14470.16,25595.90,-28963.45,193,-377,-156,173.80,-355.01,-5.37,-62.55
-16128,25855,-30722,-14665.13,25579.32,-29093.16,193,-377,-155,172.97,-355.89,-5.18,-62.78
-16128,26111,-30722,-14906.50,25600.26,-29316.53,193,-375,-156,172.11,-356.78,-4.81,-63.01
-16128,25855,-30210,-15150.80,25668.21,-29563.43,193,-373,-159,171.43,-357.31,-4.73,-63.21
-16128,25087,-29698,-15346.24,25671.37,-29692.74,199,-375,-158,171.27,-357.55,-4.89,-63.35
-14592,25343,-30210,-15400.20,25622.69,-29761.99,199,-371,-157,171.53,-357.55,-5.24,-63.40
-14592,25599,-29186,-15340.96,25566.75,-29749.20,193,-374,-154,171.74,-357.55,-5.07,-63.35
-16128,26367,-29954,-15293.56,25607.21,-29755.96,194,-376,-156,171.51,-357.55,-4.72,-63.31
-15872,25855,-30466,-15340.85,25673.76,-29778.37,193,-377,-158,170.95,-357.92,-4.66,-63.39
-16128,25343,-30722,-15481.08,25710.01,-29898.69,188,-374,-154,170.10,-358.22,-4.61,-63.55
-17408,26367,-29954,-15678.67,25739.01,-29994.96,192,-373,-155,169.43,-358.28,-4.35,-63.69
-16384,26111,-29698,-15870.93,25779.21,-30020.77,188,-376,-158,168.50,-358.32,-4.15,-63.84
-17408,25343,-30466,-16109.95,25811.37,-30024.41,186,-379,-157,167.56,-358.73,-4.20,-64.05
-17920,25599,-31234,-16335.36,25785.89,-30112.73,185,-380,-155,166.42,-359.43,-4.24,-64.33
-18176,26111,-31490,-16635.09,25765.52,-30302.79,184,-377,-154,165.31,-359.99,-4.06,-64.61
-18432,26367,-30722,-16943.27,25817.41,-30471.83,186,-383,-153,164.42,-360.81,-3.69,-64.83
-17920,26623,-32258,-17189.82,25927.33,-30675.46,184,-380,-154,163.52,-361.47,-3.17,-64.98
-18432,26367,-31490,-17404.05,26032.27,-30838.37,183,-380,-154,162.79,-362.18,-2.76,-65.12
-18688,26367,-31490,-17592.44,26116.21,-31019.90,183,-380,-155,162.02,-362.57,-2.65,-65.27
-18688,26111,-31490,-17794.35,26149.17,-31113.92,181,-382,-153,161.21,-362.88,-2.56,-65.44
-19200,26623,-32002,-18007.08,26192.74,-31223.14,176,-382,-150,160.16,-363.31,-2.05,-65.60
-20480,27391,-32002,-18296.87,26295.79,-31344.71,183,-382,-152,159.33,-363.84,-1.42,-65.74
-18688,26879,-32002,-18528.69,26429.43,-31476.17,176,-389,-153,158.28,-364.64,-0.91,-65.89
-20480,26623,31742,-18799.36,26536.35,-27331.74,177,-385,-154,157.43,-365.47,-0.95,-65.67
-20224,26367,32766,-18998.88,26553.68,-19698.39,173,-393,-148,156.17,-366.88,-0.54,-64.35
-21248,27903,30718,-19329.11,26635.74,-9410.31,175,-386,-149,155.16,-367.82,0.01,-58.02
-20736,27647,32510,-19610.49,26769.60,-1128.65,174,-387,-151,154.16,-368.58,0.67,-40.33
-20992,27135,32254,-19886.79,26927.88,5462.48,177,-387,-152,153.55,-368.81,0.98,-6.45
-20224,26879,32254,-20039.43,26986.30,10837.79,174,-389,-151,153.07,-369.18,1.00,24.52
-20992,27135,31742,-20178.75,26998.84,15086.83,173,-387,-150,152.48,-369.47,1.02,40.16
-21248,27391,32254,-20307.20,27026.08,18486.06,173,-392,-153,151.82,-370.08,1.04,47.94
-21248,26623,30974,-20478.16,27030.66,21120.05,176,-390,-151,151.49,-370.57,1.05,52.08
-20480,27135,31486,-20580.93,27034.33,23210.24,172,-388,-152,151.02,-371.15,0.84,54.66
-21504,26879,31998,-20680.14,27003.27,24865.39,169,-391,-151,150.46,-371.43,0.90,56.38
-22272,27135,31230,-20827.71,27012.41,26206.52,172,-389,-151,149.81,-371.65,0.94,57.61
-21504,27135,31742,-21014.17,27019.73,27296.41,171,-394,-152,149.10,-372.20,0.97,58.57
-21760,26879,30462,-21180.34,27025.59,28065.93,175,-391,-153,148.92,-372.64,0.78,59.14
-20736,26623,31230,-21210.87,26996.27,28681.55,171,-388,-154,148.78,-372.99,0.40,59.59
-21760,26367,31998,-21252.29,26921.62,29191.24,172,-392,-154,148.66,-373.08,0.10,59.96
-21504,26367,30974,-21268.44,26827.70,29632.99,172,-391,-150,148.37,-373.16,0.08,60.32
-21504,27391,31230,-21332.55,26803.76,29986.39,170,-392,-157,148.14,-373.41,-0.16,60.59
-22016,25599,30974,-21400.84,26733.41,30200.92,176,-390,-152,148.16,-373.61,-0.35,60.76
-20480,26879,31486,-21387.27,26711.32,30406.73,171,-390,-155,148.16,-373.58,-0.72,60.88
-21760,26111,31486,-21393.42,26608.26,30588.39,169,-392,-152,148.17,-373.56,-0.80,61.03
-22272,26879,30974,-21415.54,26611.21,30733.71,169,-393,-154,147.59,-373.72,-0.86,61.22
-22272,26367,30718,-21552.63,26579.37,30798.77,171,-391,-151,147.13,-374.05,-0.69,61.39
-21760,27135,31230,-21662.30,26622.09,30833.81,172,-390,-151,146.95,-374.12,-0.55,61.43
-21504,27135,31486,-21698.84,26673.48,30895.85,170,-391,-155,147.01,-373.99,-0.44,61.40
-22016,26111,31230,-21711.08,26697.38,30979.68,171,-394,-151,147.05,-374.07,-0.35,61.42
-21760,27135,30462,-21720.86,26716.50,30995.55,171,-388,-152,146.89,-374.14,-0.28,61.45
-21760,26879,31998,-21745.69,26714.80,31042.44,171,-391,-152,146.96,-374.19,-0.00,61.46
-21760,26879,31230,-21748.55,26764.64,31079.95,165,-391,-151,146.62,-374.04,0.22,61.50
-23296,27135,31230,-21853.24,26804.52,31161.16,169,-392,-152,146.16,-374.11,0.40,61.61
-22272,26879,30974,-21970.99,26836.41,31157.73,170,-391,-151,145.79,-374.17,0.54,61.67
-22016,27135,31230,-22082.39,26878.93,31154.98,164,-393,-152,145.29,-374.40,0.65,61.76
-23552,26879,30718,-22188.52,26895.95,31118.79,167,-390,-151,144.90,-374.40,0.74,61.82
-22784,27135,31486,-22307.61,26926.56,31123.83,164,-393,-155,144.19,-374.59,0.59,61.97
-23552,26111,30718,-22505.29,26882.85,31093.87,166,-396,-153,143.63,-374.93,0.25,62.15
-23040,26623,29950,-22629.23,26830.88,31018.69,163,-395,-152,142.98,-375.38,-0.02,62.33
-23808,26879,30206,-22796.59,26772.10,30873.16,162,-392,-154,142.27,-375.75,-0.24,62.49
-24064,26367,30974,-22964.67,26742.28,30773.73,163,-394,-151,141.51,-375.85,-0.19,62.64
-23808,27135,30462,-23150.34,26752.43,30728.38,164,-391,-152,141.09,-375.75,-0.15,62.70
-23552,26879,31230,-23281.87,26760.54,30760.31,164,-394,-151,140.76,-375.85,0.10,62.79
-23552,27135,30462,-23352.90,26818.23,30751.85,162,-393,-151,140.49,-375.75,0.30,62.79
-24064,27135,30718,-23426.72,26864.39,30762.08,166,-395,-154,140.47,-376.04,0.24,62.81
-23040,26367,30206,-23451.78,26867.31,30702.06,166,-393,-152,140.46,-376.09,0.19,62.79
-23040,26879,30718,-23437.62,26852.45,30671.05,163,-395,-154,140.64,-376.31,-0.07,62.77
-23808,26367,30206,-23409.30,26789.36,30612.04,157,-392,-151,140.20,-376.30,-0.05,62.87
-25344,27135,30974,-23540.24,26790.09,30616.04,162,-394,-152,139.46,-376.30,-0.04,63.03
-24064,26879,30462,-23713.19,26790.67,30602.23,159,-394,-151,138.68,-376.29,0.19,63.19
-24832,27135,30462,-23919.75,26842.34,30608.18,161,-395,-154,138.24,-376.48,0.15,63.28
-24320,26367,30206,-24016.80,26832.47,30561.75,158,-392,-152,137.70,-376.43,0.12,63.39
-25088,26879,30974,-24162.64,26824.58,30558.80,162,-395,-152,137.46,-376.59,0.10,63.47
-24064,26879,30206,-24228.12,26801.26,30539.44,160,-395,-153,137.27,-376.71,0.08,63.53
-24576,26623,30206,-24297.69,26799.61,30523.95,160,-396,-149,137.11,-377.00,0.28,63.57
-24576,27647,29950,-24319.15,26849.49,30443.16,160,-400,-150,136.99,-377.60,0.67,63.56
-24576,27391,28926,-24370.52,26923.59,30293.33,156,-397,-151,136.50,-378.09,0.98,63.58
-25600,27135,29694,-24479.82,27017.07,30139.26,159,-395,-152,136.11,-378.47,1.00,63.57
-24832,26879,30206,-24584.26,27040.66,30033.01,158,-396,-152,135.60,-378.59,1.02,63.63
-25088,26879,29950,-24702.01,27025.33,30016.41,160,-396,-149,135.59,-378.50,1.04,63.64
-24576,27647,29950,-24728.01,27047.26,30020.13,158,-394,-153,135.38,-378.43,1.05,63.67
-25088,26623,30462,-24765.80,27047.61,30040.10,161,-394,-152,135.41,-378.19,1.06,63.66
-24320,26879,30462,-24744.84,27047.89,30090.29,161,-393,-152,135.63,-377.80,0.85,63.62
-24320,26879,30718,-24711.07,26996.91,30181.63,157,-397,-152,135.61,-377.68,0.68,63.69
-25344,26879,29694,-24701.06,26973.33,30203.50,154,-398,-152,135.20,-377.96,0.54,63.82
-26112,26879,29438,-24812.45,26954.46,30152.80,159,-395,-151,134.68,-378.19,0.66,63.93
-24832,27135,30206,-24935.76,26956.37,30078.04,157,-397,-151,134.26,-378.37,0.75,64.01
-25344,27135,29694,-25034.41,26974.90,30018.24,157,-396,-151,134.13,-378.51,0.82,64.02
-25344,27135,29950,-25062.13,27006.92,30004.59,156,-395,-156,133.82,-378.62,0.65,64.07
-25600,25855,30206,-25135.50,26947.14,29993.67,157,-398,-149,133.58,-378.71,0.52,64.17
-25344,27647,29438,-25194.20,26933.51,29967.74,155,-399,-152,133.38,-378.97,0.42,64.24
-25856,26879,29182,-25275.36,26905.41,29895.79,159,-396,-148,133.42,-379.18,1.00,64.21
-24832,27903,29950,-25289.09,27019.53,29821.23,159,-398,-156,133.45,-379.35,0.80,64.13
-24832,25855,29438,-25265.87,26991.42,29761.59,157,-395,-149,133.67,-379.30,0.86,64.07
-25344,27647,30206,-25213.10,27020.14,29782.07,158,-395,-152,133.85,-379.25,0.69,64.02
-25088,26879,30206,-25188.08,26974.71,29815.66,152,-399,-154,133.40,-379.22,0.77,64.15
-26624,26367,29182,-25287.46,26972.57,29825.33,155,-393,-153,133.05,-379.00,0.40,64.24
-25856,26623,30718,-25401.17,26902.66,29867.26,159,-400,-152,132.76,-379.21,0.10,64.40
-24832,26879,28926,-25474.94,26846.72,29815.41,153,-395,-152,132.54,-379.18,0.08,64.46
-26368,26879,30206,-25516.95,26835.98,29842.33,154,-396,-153,132.35,-379.35,0.06,64.54
-26112,26623,29950,-25567.56,26827.38,29812.66,153,-396,-154,131.82,-379.11,-0.17,64.64
-26368,26367,29950,-25710.45,26786.51,29857.13,159,-396,-152,131.78,-379.10,-0.36,64.72
-24832,26879,29950,-25722.36,26753.81,29875.71,158,-395,-152,131.94,-378.91,-0.29,64.70
-25088,26879,30206,-25663.69,26744.64,29907.56,154,-399,-152,132.27,-378.94,-0.23,64.64
-26112,26879,29182,-25599.75,26771.52,29881.85,153,-397,-152,132.14,-379.16,-0.18,64.65
-26368,26879,29694,-25651.00,26793.02,29844.28,158,-398,-153,132.04,-379.52,-0.15,64.67
-25088,26623,29438,-25692.00,26793.01,29763.03,157,-398,-152,132.15,-379.62,-0.12,64.62
-25344,26879,29438,-25673.60,26793.01,29715.02,156,-396,-151,132.44,-379.70,-0.09,64.54
-25600,27135,29950,-25607.68,26810.21,29693.62,159,-398,-153,132.66,-379.76,-0.08,64.47
-24832,26623,29438,-25537.75,26823.97,29676.49,158,-398,-153,132.85,-379.81,-0.06,64.42
-25088,26623,29438,-25464.80,26817.78,29662.79,153,-396,-151,132.80,-379.85,-0.05,64.42
-26368,27135,29950,-25457.64,26812.82,29651.84,153,-397,-155,132.37,-379.89,-0.26,64.51
-26368,26111,29694,-25554.31,26774.86,29660.27,151,-399,-157,131.63,-379.91,-0.65,64.72
-26880,25599,29182,-25751.05,26676.09,29649.82,154,-395,-150,131.05,-379.93,-0.96,64.94
-26112,27391,30206,-25891.44,26614.27,29658.65,157,-399,-152,130.97,-379.95,-0.99,65.02
-25344,26879,29182,-25935.55,26616.02,29631.52,150,-397,-152,130.71,-379.96,-0.57,65.04
-27136,26879,29694,-25987.84,26702.61,29644.02,154,-401,-153,130.50,-380.35,-0.46,65.07
-26112,26623,28670,-26029.68,26720.69,29551.62,154,-396,-155,130.14,-380.47,-0.59,65.11
-26112,26111,29950,-26114.34,26683.95,29528.89,153,-399,-151,130.05,-380.57,-0.69,65.17
-26368,27135,29182,-26130.87,26671.76,29476.52,154,-398,-152,129.97,-380.46,-0.55,65.15
-26112,26879,29438,-26144.10,26679.01,29485.81,151,-400,-153,129.72,-380.74,-0.44,65.22
-26880,26623,28926,-26205.88,26719.01,29425.05,153,-399,-152,129.52,-380.97,-0.35,65.23
-26368,26879,29182,-26255.30,26733.81,29376.44,153,-397,-149,129.35,-380.97,-0.06,65.22
-26368,27647,29694,-26311.84,26796.85,29354.55,152,-397,-151,129.22,-380.78,0.39,65.17
-26624,27135,29694,-26340.07,26881.48,29388.24,151,-399,-151,129.12,-380.62,0.76,65.13
-26880,27135,29182,-26396.86,26966.18,29415.20,147,-399,-151,128.64,-380.69,0.83,65.19
-27904,27135,29182,-26544.69,26999.95,29402.56,148,-402,-152,127.88,-381.12,0.88,65.37
-27648,26879,28414,-26731.15,27009.76,29307.25,149,-400,-154,127.26,-381.46,0.71,65.51
-27392,26367,28926,-26914.52,26966.41,29213.80,152,-401,-153,126.96,-381.92,0.34,65.63
-26624,26623,28670,-26975.82,26897.73,29105.04,150,-401,-154,126.92,-382.10,0.05,65.68
-27136,26367,28670,-26990.66,26808.58,29035.03,149,-398,-153,126.89,-382.24,-0.18,65.73
-27392,26623,29438,-27002.53,26754.27,29013.22,149,-398,-153,126.66,-382.17,-0.36,65.81
-27392,26623,29438,-27063.22,26710.81,29046.98,150,-399,-151,126.49,-381.93,-0.29,65.87
-27136,27135,29182,-27111.78,26727.25,29107.98,156,-399,-152,126.73,-381.73,-0.23,65.83
-25600,26879,29182,-27031.22,26757.60,29139.79,150,-399,-153,127.13,-381.76,-0.19,65.73
-27136,26623,29182,-26949.78,26781.88,29148.23,149,-404,-152,127.25,-381.98,-0.15,65.70
-27392,26879,27902,-26901.62,26784.11,29069.59,151,-400,-155,127.15,-382.33,-0.34,65.71
-26880,26111,28926,-26948.50,26734.69,28989.67,144,-397,-153,126.68,-382.43,-0.49,65.83
-28672,26623,29694,-27088.40,26695.15,28959.74,149,-397,-155,126.30,-382.14,-0.84,65.94
-27392,26111,29694,-27200.32,26612.32,29055.39,149,-401,-152,125.81,-381.90,-0.89,66.13
-27392,26879,28670,-27323.86,26597.26,29114.71,150,-398,-152,125.80,-381.71,-0.93,66.18
-27136,26879,29438,-27320.29,26602.41,29145.17,146,-401,-153,125.60,-381.93,-0.75,66.23
-28160,26623,28670,-27368.63,26640.53,29101.34,148,-398,-149,125.44,-381.92,-0.38,66.20
-27648,27647,29438,-27424.50,26722.22,29117.47,145,-402,-152,124.92,-382.10,-0.08,66.27
-28416,26879,28414,-27554.40,26787.58,29061.97,149,-398,-155,124.70,-382.06,-0.06,66.26
-27392,26111,29438,-27607.12,26805.86,29068.78,148,-402,-153,124.53,-382.21,-0.27,66.32
-27648,26623,28414,-27649.30,26752.09,29006.03,148,-400,-155,124.58,-382.34,-0.66,66.36
-27648,26111,28926,-27631.84,26657.88,28990.02,149,-397,-155,124.63,-382.25,-0.97,66.41
-27392,26111,29694,-27617.87,26582.50,28994.21,147,-399,-151,124.66,-381.99,-1.00,66.44
-27904,27135,29182,-27623.90,26556.40,29048.77,147,-399,-153,124.49,-381.78,-1.02,66.50
-27904,26623,29182,-27645.72,26569.72,29109.42,150,-399,-153,124.55,-381.80,-0.81,66.49
-27136,26623,29182,-27646.18,26614.38,29123.94,148,-399,-155,124.60,-381.82,-0.87,66.46
-27648,26111,29182,-27629.34,26581.90,29135.55,147,-400,-153,124.64,-381.83,-0.92,66.48
-27904,26623,28926,-27615.88,26555.92,29127.64,147,-400,-147,124.48,-381.84,-0.51,66.50
-27904,28159,28926,-27656.30,26637.54,29104.31,146,-399,-150,124.15,-381.85,0.03,66.48
-28160,27391,29182,-27722.84,26788.23,29085.65,145,-398,-155,123.89,-381.86,0.47,66.41
-28416,26111,29438,-27810.27,26874.58,29104.92,146,-405,-154,123.49,-382.05,0.15,66.50
-28160,26367,27646,-27897.22,26824.27,29034.94,149,-401,-153,123.36,-382.39,-0.32,66.60
-27392,26623,28670,-27915.58,26732.81,28944.75,144,-406,-154,123.26,-383.23,-0.48,66.70
-28672,26367,27390,-27947.26,26676.65,28736.20,145,-401,-151,123.18,-383.52,-0.38,66.68
-28416,27135,28670,-27989.81,26682.92,28637.56,147,-401,-151,122.92,-383.76,-0.31,66.71
-27904,27135,28670,-28057.85,26722.14,28558.65,148,-399,-149,122.90,-383.57,0.20,66.62
-27648,27647,29182,-28044.08,26838.71,28614.92,145,-402,-152,122.89,-383.42,0.60,66.53
-28416,26879,28414,-28033.06,26914.97,28642.94,146,-398,-150,122.88,-383.11,0.92,66.46
-28160,27391,29438,-28041.25,26992.97,28716.55,143,-402,-153,122.49,-383.06,0.96,66.52
-28928,26623,28414,-28133.20,26987.18,28724.24,147,-398,-153,122.36,-382.82,0.77,66.56
-27904,26623,29438,-28172.56,26965.55,28798.59,144,-399,-153,122.07,-382.64,0.39,66.69
-28672,26623,29182,-28238.25,26897.04,28841.07,143,-399,-152,121.84,-382.30,0.31,66.78
-28928,26879,29182,-28290.80,26859.23,28926.26,149,-401,-154,121.85,-382.22,0.03,66.86
-27392,26367,28670,-28298.64,26811.98,28943.21,144,-401,-150,121.85,-382.34,0.02,66.91
-28672,27391,28670,-28304.91,26825.39,28922.57,143,-400,-152,121.86,-382.44,0.02,66.90
-28928,26879,28926,-28309.93,26836.11,28889.05,146,-401,-153,121.66,-382.51,0.24,66.91
-28160,26623,28670,-28365.14,26861.69,28862.24,148,-399,-151,121.71,-382.58,0.19,66.89
-27648,27135,29182,-28341.12,26865.15,28875.00,144,-403,-153,121.94,-382.81,0.15,66.86
-28672,26623,28158,-28304.89,26850.72,28834.00,147,-403,-157,122.12,-383.00,-0.10,66.84
-27904,25599,28158,-28258.71,26770.98,28767.00,142,-401,-151,121.87,-383.34,-0.30,66.94
-29184,27135,28670,-28324.17,26707.18,28679.20,146,-401,-156,121.87,-383.42,-0.68,66.98
-28160,25855,28670,-28342.54,26604.95,28643.16,143,-398,-153,121.48,-383.30,-0.77,67.11
-28928,26623,29438,-28425.43,26591.36,28699.73,146,-403,-152,121.56,-383.21,-0.83,67.14
-28160,26879,28158,-28423.55,26563.49,28710.79,146,-397,-152,121.63,-382.94,-0.67,67.12
-28160,26879,29694,-28422.04,26609.39,28787.83,143,-401,-151,121.68,-382.92,-0.31,67.08
-28928,27135,28670,-28420.83,26680.31,28798.26,146,-400,-154,121.72,-382.71,-0.25,67.02
-28160,26367,28926,-28419.87,26702.85,28857.81,142,-398,-155,121.36,-382.55,-0.42,67.10
-29184,26111,29438,-28487.29,26669.68,28888.45,143,-405,-153,121.07,-382.79,-0.78,67.24
-28928,26623,27646,-28541.24,26609.15,28844.76,139,-400,-154,120.45,-382.98,-1.07,67.43
-29952,26367,28926,-28703.79,26560.72,28809.81,145,-402,-153,120.15,-383.33,-1.07,67.56
-28416,26623,28414,-28782.63,26555.98,28713.45,144,-401,-156,119.91,-383.41,-1.30,67.61
-28672,25855,28670,-28828.71,26500.98,28704.76,144,-402,-153,120.11,-383.48,-1.48,67.62
-28672,26623,28414,-28780.17,26474.19,28663.61,145,-403,-153,120.27,-383.73,-1.63,67.61
-28416,26623,28158,-28741.34,26452.75,28613.69,145,-400,-149,120.39,-383.73,-1.08,67.53
-28416,27647,28926,-28693.27,26555.00,28590.75,146,-401,-153,120.69,-383.74,-0.64,67.36
-28160,26623,28670,-28620.62,26636.80,28589.40,144,-399,-154,120.93,-383.56,-0.52,67.22
-28672,26367,29182,-28579.69,26685.24,28656.72,144,-398,-151,120.92,-383.22,-0.41,67.19
-28672,27135,29438,-28563.95,26689.79,28744.58,143,-402,-151,120.72,-382.95,-0.33,67.24
-28928,27135,28414,-28602.56,26727.64,28797.86,142,-401,-151,120.56,-382.93,-0.04,67.25
-29184,27135,28670,-28667.65,26809.11,28806.29,143,-407,-151,120.24,-383.47,0.19,67.30
-28928,27135,27134,-28736.72,26874.29,28659.43,140,-402,-153,119.79,-383.90,0.37,67.32
-29696,26623,28414,-28843.18,26892.23,28541.95,142,-402,-152,119.42,-384.25,0.30,67.38
-29184,26879,28414,-28928.34,26889.59,28430.96,142,-399,-151,119.13,-384.15,0.24,67.41
-29184,27135,29182,-29013.48,26887.47,28478.77,139,-400,-153,118.90,-383.89,0.19,67.48
-29952,26623,28926,-29098.78,26885.78,28551.01,143,-403,-152,118.72,-383.67,0.15,67.55
-28928,26879,28158,-29149.83,26884.42,28591.81,141,-401,-152,118.57,-383.69,0.12,67.60
-29440,26879,28670,-29207.86,26866.14,28590.25,142,-399,-152,118.65,-383.70,0.10,67.61
-29184,26879,29182,-29203.09,26868.71,28606.20,138,-402,-154,118.32,-383.53,0.08,67.67
-30208,26367,28414,-29284.47,26836.57,28635.96,144,-400,-152,118.25,-383.39,0.06,67.72
-28672,26879,28926,-29298.38,26810.86,28676.77,143,-403,-154,118.19,-383.46,-0.17,67.79
-28928,26367,28158,-29292.50,26756.09,28641.22,142,-405,-154,118.54,-383.71,-0.36,67.77
-29184,26367,27646,-29219.60,26712.27,28561.57,140,-405,-151,118.43,-384.28,-0.51,67.82
-29696,27135,27646,-29229.48,26694.42,28412.46,144,-405,-151,118.53,-384.93,-0.41,67.79
-28672,27135,27646,-29220.39,26731.33,28259.17,143,-400,-152,118.62,-385.07,-0.10,67.67
-28928,26879,28926,-29195.91,26794.87,28221.73,140,-403,-153,118.68,-384.99,-0.08,67.59
-29696,26623,28158,-29176.33,26811.70,28225.99,145,-399,-154,118.74,-384.56,-0.29,67.56
-28416,26367,29182,-29143.66,26773.96,28331.79,141,-403,-152,118.78,-384.40,-0.45,67.61
-29440,26879,28158,-29151.73,26743.77,28365.23,145,-403,-151,119.01,-384.27,-0.36,67.58
-28416,27135,28158,-29072.79,26753.61,28391.99,145,-401,-151,119.19,-384.36,-0.07,67.52
-28416,27135,28670,-29009.63,26812.69,28379.19,145,-404,-154,119.73,-384.42,-0.05,67.36
-28416,26367,27902,-28890.90,26825.96,28351.95,142,-404,-154,119.96,-384.67,-0.26,67.31
-29184,26367,27902,-28847.12,26785.36,28313.16,144,-405,-153,119.95,-385.05,-0.43,67.35
-28672,26623,27646,-28829.10,26718.69,28213.73,143,-403,-152,119.95,-385.35,-0.57,67.38
-28928,26879,28158,-28848.88,26699.55,28151.38,139,-404,-152,119.75,-385.59,-0.45,67.41
-29952,26879,27902,-28915.90,26718.24,28101.51,141,-401,-154,119.39,-385.41,-0.36,67.45
-29440,26367,28670,-29020.72,26716.19,28129.81,144,-402,-156,119.11,-385.27,-0.73,67.55
-28672,25855,28414,-29087.38,26646.36,28169.45,140,-403,-151,118.88,-385.16,-0.81,67.67
-29696,27135,28158,-29123.71,26607.48,28218.36,143,-403,-153,118.90,-385.06,-0.87,67.71
-28928,26623,28158,-29118.56,26593.39,28223.29,142,-403,-152,118.71,-385.18,-0.69,67.75
-29184,26879,28158,-29148.65,26650.51,28210.23,141,-403,-153,118.76,-385.27,-0.55,67.70
-29440,26623,28158,-29155.72,26662.01,28199.78,144,-403,-152,118.80,-385.34,-0.44,67.68
-28672,26879,28158,-29144.18,26688.21,28191.43,140,-407,-154,118.63,-385.59,-0.58,67.72
-29696,26367,27134,-29169.14,26675.17,28116.34,139,-405,-151,118.50,-385.97,-0.46,67.75
-29952,27135,27646,-29223.31,26698.73,28022.27,143,-404,-152,118.20,-386.28,-0.37,67.78
-28928,26879,27902,-29283.65,26717.59,27929.82,142,-407,-154,118.16,-386.52,-0.29,67.75
-29184,26367,27134,-29297.72,26732.67,27855.86,141,-404,-148,118.31,-386.72,-0.01,67.67
-29440,27903,27902,-29274.98,26795.94,27813.89,141,-401,-152,118.25,-386.69,0.21,67.61
-29440,26879,28670,-29290.78,26846.55,27831.51,141,-401,-151,118-29440,27135,28670,-29320.63,26938.24,27948.01,141,-404,-151,118-29440,27135,27902,-29344.50,26960.39,28041.21,138,-403,-153,117.92,-385.72,0.79,67.58
-30208,26623,28158,-29414.80,26961.12,28081.57,136,-403,-154,117.35,-385.70,0.63,67.73
-30720,26367,28158,-29556.24,26910.49,28079.65,143,-402,-154,117.08,-385.50,0.28,67.85
-28928,26367,28414,-29635.39,26818.79,28112.32,139,-407,-154,116.87,-385.71,-0.22,68.03
-29952,26367,27134,-29681.52,26728.44,28070.26,141,-404,-150,117.09,-385.88,-0.17,68.04
-29440,27391,27902,-29633.21,26724.35,28019.41,139,-406,-152,116.88,-386.21,-0.14,68.07
-29952,26879,27390,-29662.77,26755.28,27910.53,-4,-420,-150,107.54,-387.40,0.33,69.97
-769,27391,23806,-27740.82,26848.22,27601.62,109,-380,-180,97.93,-386.86,-1.50,71.62
27904,19711,-31490,-22380.46,26410.58,23394.90,124,-470,-56,89.26,-390.36,4.10,71.03
31744,-14081,11006,-13979.17,23329.87,18937.32,130,-480,166,91.11,-396.90,31.79,68.41
-32256,-23040,8446,-9357.33,17503.29,14347.46,114,-482,189,92.77,-408.50,80.90,68.05
29184,-17152,7934,-5574.47,10384.43,13303.56,140,-484,147,95.28,-418.72,135.22,71.22
-29696,-27904,7422,-6643.97,3767.95,12229.65,163,-475,144,99.43,-426.51,177.13,68.91
-23808,-28672,9726,-6936.38,-1900.84,11455.72,203,-470,76,108.40,-432.00,202.26,64.19
-13568,19456,11006,-10020.50,-3995.27,11041.38,197,-475,78,119.29,-435.83,217.28,58.61
-15104,19968,9726,-11515.00,-2479.42,10863.50,138,-492,40,126.43,-440.02,221.56,59.22
-30208,10240,5374,-13137.20,1327.26,10431.20,108,-499,70,125.91,-445.05,224.54,60.38
27648,17920,3582,-11687.36,4270.21,9590.36,140,-491,50,121.79,-450.20,224.94,60.27
-29696,12800,5630,-11500.29,6146.77,8644.69,122,-498,36,117.52,-454.70,225.03,59.06
31232,9216,3838,-7254.63,7579.82,7785.75,90,-505,48,112.93,-458.67,223.34,62.26
23040,12288,2046,-4165.31,8350.65,6996.20,24,-509,64,101.65,-462.97,223.10,67.86
6144,16384,1022,695.36,9206.32,6057.36,-19,-510,72,83.47,-467.16,225.55,81.26
-4609,18432,766,2194.48,10505.26,5101.49,51,-510,64,66.38,-470.70,228.62,86.85
13056,16384,766,2728.19,11817.41,4251.39,75,-508,59,56.03,-473.53,230.85,89.14
19200,15104,1278,4025.55,12781.92,3588.31,79,-500,13,54.19,-475.23,228.22,92.33
20224,3328,3326,6719.04,12546.54,3228.65,56,-505,16,53.10,-476.22,222.58,99.42
14336,4096,2046,8959.23,11539.03,3026.12,48,-509,114,50.47,-477.01,222.04,106.10
12288,29184,1022,10290.59,11671.63,2847.10,73,-499,153,47.98,-477.64,232.00,109.99
18688,-26368,3582,11253.27,9798.10,2720.88,115,-485,142,49.70,-476.83,249.25,115.07
29440,-29184,7166,13030.21,6080.68,2961.30,97,-494,107,54.38,-475.26,262.60,120.00
24832,27392,4862,15288.17,2987.34,3409.64,105,-487,94,60.08,-473.24,268.87,118.45
26880,24064,6654,17640.54,3874.68,3973.11,104,-491,92,64.06,-472.01,270.12,118.61
26624,23552,5630,19334.83,8100.14,4321.49,105,-492,85,67.62,-471.02,269.58,119.60
26880,21760,5374,20826.67,11105.11,4634.39,53,-500,53,67.16,-470.98,266.05,118.80
13568,13568,3326,21132.73,12809.29,4662.71,76,-507,58,65.04,-471.88,260.80,118.02
19456,14848,1534,20899.79,13592.43,4412.37,30,-507,33,58.47,-473.54,252.84,118.19
7680,8448,1534,19433.43,13331.55,3956.10,24,-507,27,51.26,-475.42,244.48,118.47
6144,6912,1534,17765.34,12679.04,3471.68,20,-506,21,41.79,-476.75,235.14,119.24
5120,5376,1790,15475.08,11525.63,3101.14,14,-507,21,33.24,-477.81,226.79,119.35
3584,5376,1534,13369.86,10398.10,2804.71,16,-506,18,25.81,-478.65,219.44,119.19
4096,4608,1790,11549.09,9342.48,2584.57,12,-509,17,19.48,-479.52,213.13,118.79
3072,4352,1022,9956.07,8429.59,2357.26,11,-502,14,14.22,-479.83,207.63,118.36
2816,3584,2814,8630.46,7579.87,2260.81,10,-505,16,9.62,-480.09,203.01,117.46
2560,4096,2046,7467.57,6865.90,2200.64,11,-503,14,5.74,-479.92,199.09,116.27
2816,3584,2558,6520.05,6243.52,2254.92,11,-505,11,2.65,-479.97,195.74,114.55
2816,2816,2046,5762.04,5694.41,2247.13,7,-505,13,-0.03,-480.01,192.84,113.31
1792,3328,2046,5104.43,5203.93,2240.91,11,-504,13,-2.17,-480.04,190.51,112.07
2816,3328,2302,4578.35,4794.54,2218.92,6,-503,12,-4.07,-480.07,188.65,111.08
1536,3072,2558,4072.28,4484.04,2235.54,6,-507,12,-5.79,-480.09,187.17,109.77
1536,3072,1534,3650.22,4218.63,2214.63,3,-503,9,-7.56,-480.10,185.76,108.79
768,2304,2558,3176.18,3938.10,2214.91,1,-504,10,-9.36,-480.12,184.41,107.43
256,2560,2302,2711.54,3679.48,2198.12,2,-502,8,-11.00,-479.94,183.11,106.00
512,2048,2814,2271.63,3404.39,2270.10,4,-508,11,-12.31,-479.98,182.07,104.13
1024,2816,1278,1936.71,3218.31,2242.28,2,-502,11,-13.36,-480.02,181.46,102.90
512,2816,2814,1685.77,3086.65,2254.22,3,-502,8,-14.00,-480.05,180.97,101.76
768,2048,2814,1502.21,2981.32,2263.78,3,-502,10,-14.71,-479.70,180.35,100.92
768,2560,2814,1338.17,2879.85,2373.82,1,-499,10,-15.28,-479.23,179.86,99.87
256,2560,3582,1189.94,2781.68,2513.06,0,-506,10,-15.93,-479.04,179.69,98.89
0,2560,1790,1020.15,2737.35,2556.05,0,-504,7,-16.64,-479.08,179.34,97.99
0,1792,2302,833.12,2650.68,2556.44,-4,-508,61,-17.41,-479.67,182.81,97.12
-769,15616,1278,615.30,3451.74,2403.15,-229,-408,177,-32.84,-473.97,197.74,98.14
7167,-20224,26878,918.64,2573.79,3952.92,-296,-330,204,-64.49,-458.55,224.27,102.04
-9986,-13312,-18690,495.71,864.43,3793.34,-279,-368,179,-107.76,-437.41,254.11,106.17
-5634,-19712,-28418,-166.83,-2858.25,1686.07,-253,-405,154,-143.92,-420.32,276.44,-166.80
1023,-26112,27646,-1106.47,-6229.00,51.45,-180,-459,116,-165.25,-414.69,287.67,-110.01
19711,29696,13822,121.43,-6058.40,911.16,-133,-485,94,-172.76,-417.49,290.47,-128.84
31743,24064,7166,3595.54,-3003.52,3971.13,-1,-511,46,-162.39,-426.47,284.76,139.12
-1,11776,510,6306.63,1966.18,4610.10,-6,-503,58,-142.78,-436.27,275.98,125.67
-1281,14848,2558,7075.91,4952.15,4370.28,-31,-508,61,-120.47,-445.61,266.53,127.18
-7681,15616,1278,5063.33,6777.72,3785.83,297,-414,73,-83.50,-447.10,260.96,119.93
10497,18688,25342,4152.86,8698.97,4973.86,439,-164,92,-24.88,-427.13,258.94,106.53
-18687,23552,23807,2264.29,10816.18,7340.89,445,-29,83,52.83,-381.20,258.86,88.96
-17151,21248,-7169,122.03,12885.34,8671.31,422,86,120,123.19,-313.20,262.34,72.88
-23039,30720,22016,-3827.38,15342.88,9513.85,319,233,141,171.68,-234.27,268.66,54.76
16129,-29440,-5888,-4665.90,13776.10,8208.28,276,252,116,199.55,-153.53,276.14,43.88
5121,29696,-1024,-3851.92,13085.88,7573.42,241,277,151,209.95,-76.96,284.56,40.33
-3840,-26880,5377,-1920.94,8693.90,5956.54,113,328,139,205.01,-9.90,291.08,39.80
28928,-29952,18433,477.05,5146.12,6284.23,-32,328,179,180.97,48.61,300.93,44.37
-7937,-19712,18433,1525.04,-985.90,7843.59,-89,319,180,140.49,98.04,311.02,-60.32
-22529,-19456,16129,1117.63,-5396.72,9807.87,-133,301,186,92.11,135.91,322.41,-77.90
31743,-17920,11521,979.11,-8123.18,10918.50,-175,283,183,44.05,163.39,331.96,-86.52
20991,-18688,6913,2796.88,-10236.14,11039.00,-201,271,177,-1.62,182.38,339.38,-100.00
14335,-20224,3841,6708.71,-11977.71,10316.20,-226,248,184,-44.19,194.20,345.10,-116.35
7935,-18432,-2048,8250.97,-13404.97,8833.36,-244,226,172,-82.74,200.10,348.79,-124.62
3327,-21504,-7680,8307.17,-14734.58,6674.29,-269,199,188,-118.06,200.33,352.62,-129.81
-3074,-17408,-14592,7191.54,-15610.46,3718.23,-281,169,199,-149.83,195.64,356.80,-133.06
-6146,-14592,-22272,5360.43,-16055.17,4.98,-301,137,216,-178.95,186.28,363.45,-134.67
-11266,-10240,-30464,2922.75,-15660.14,-4484.41,-309,106,227,-204.97,172.99,371.65,-134.80
-13314,-7424,27136,289.80,-14678.51,-5294.13,-315,82,231,-227.94,156.92,380.41,-128.02
-14850,-6400,20992,-2396.76,-13347.01,-3057.70,-317,76,228,-247.29,140.33,388.31,-114.75
-15362,-7168,19456,-4819.01,-12077.01,2059.44,-323,80,225,-263.74,125.36,394.63,-101.92
-16898,-7936,20480,-6995.81,-11095.21,5709.35,-318,84,224,-277.10,113.58,399.02,-95.52
-15618,-8192,21504,-8788.45,-10429.16,8663.48,-316,85,222,-287.78,104.72,402.09,-92.92
-15106,-8704,21760,-10205.56,-9998.73,11180.38,-320,74,229,-296.14,97.25,404.99,-92.40
-16130,-6912,18944,-11288.05,-9586.19,13091.51,-317,78,224,-302.62,90.91,407.31,-92.43
-15362,-8192,19968,-12136.84,-9256.15,14518.01,-313,90,224,-307.62,86.02,409.16,-92.58
-14338,-8192,23040,-12764.67,-8957.92,15744.41,-307,100,223,-310.84,83.79,410.21,-93.11
-12802,-8448,25600,-13045.14,-8821.74,17169.32,-293,128,229,-311.85,85.19,411.48,-95.13
-9218,-6912,-32768,-12859.91,-8627.39,14793.46,-243,195,239,-308.17,92.86,413.61,-89.67
3583,-4352,-15616,-11516.93,-8215.91,10315.97,-179,249,245,-296.85,108.17,416.86,-82.82
19967,-2816,-1792,-8258.14,-7511.33,4907.78,-99,292,247,-275.11,130.72,420.78,-80.38
-25089,-2304,9217,-6709.11,-6640.46,3380.22,9,319,239,-241.35,156.43,423.92,-78.12
2304,-4352,16129,-5555.09,-5943.77,4274.38,112,308,225,-195.61,180.74,425.10,-78.02
28672,-7936,13313,-4051.67,-5727.82,5996.70,224,268,205,-137.96,198.69,422.96,-82.16
-8192,-13056,3073,-1722.54,-6271.85,6964.96,352,137,208,-69.62,201.64,418.81,-89.05
24577,-12288,-30464,1625.77,-7236.08,4633.57,409,33,186,4.37,186.96,412.62,-99.29
-26367,-17920,8448,635.22,-8673.07,2444.06,421,-111,193,76.42,151.44,406.78,-83.78
-23295,-16128,-28161,-1164.03,-10027.45,-1389.76,359,-301,161,134.46,95.88,398.80,-63.80
26369,-24320,-11266,-2484.02,-11913.16,-3177.00,259,-406,165,171.14,24.10,390.86,-53.53
769,-23296,27390,-1731.02,-13780.13,-3344.00,203,-438,167,186.24,-53.73,382.53,-57.27
-13568,-22784,19198,-480.21,-15717.30,-320.40,119,-463,173,182.73,-126.10,376.74,-62.53
30464,-21248,12798,793.43,-17062.24,3702.68,47,-470,190,166.27,-188.12,373.88,-65.84
12032,-16896,11006,2563.14,-17711.60,5828.94,-33,-437,253,137.70,-237.54,378.00,-74.16
-8193,-768,19454,4337.31,-16763.28,7546.95,-87,-436,240,101.58,-275.40,386.16,-87.67
-22017,-4096,19710,2258.05,-14861.22,9382.16,6,-492,115,69.95,-307.18,387.16,-83.21
1536,29440,5374,-105.16,-10250.58,10474.93,116,-465,-77,54.21,-334.29,363.65,-14.93
29696,-19457,12286,530.07,-7808.06,10871.15,133,-452,-92,56.04,-356.91,320.54,66.94
-31488,-23297,15614,407.06,-7134.05,10915.12,133,-446,-104,65.70,-372.20,269.91,70.63
-31488,-26369,17150,-1892.95,-10315.44,11735.29,129,-441,-110,74.20,-382.94,226.98,55.10
-32512,-27905,18430,-7880.16,-13423.75,12801.04,128,-441,-119,80.81,-390.78,190.64,48.03
