4849,-30208,-7424,12957.55,-28435.93,-10702.52,321,226,138,300.35,179.10,322.77,-65.28
1,-30208,-7680,13472.24,-28807.34,-10080.81,279,258,148,295.66,185.96,322.97,-67.01
9,-27648,513,13269.59,-28916.67,-9037.25,226,292,145,286.25,195.38,323.57,-68.39
67,-28884.74,-7093.20,166,316,118,268.59,208.53,322.72,-68.48
14,-24831.39,-4001.96,113,331,118,243.73,223.74,319.84,-67.35
0208,19201,5983.91,-17731.92,-282.97,85,333,127,214.68,238.33,316.20,-74.32
512,19713,6630.33,-7990.33,3391.83,72,334,135,185.39,251.13,314.40,-95.76
-30976,19969,9912.26,-4276.07,6638.86,81,330,139,159.82,261.37,314.51,-110.41
2,18945,11991.61,-5315.25,9219.49,14,331,148,134.68,269.37,316.14,-110.73
8,19201,12443.29,-10157.20,11249.79,-37,328,137,107.55,275.40,317.66,-105.94
3996.56,12771.63,-63,318,130,76.68,279.48,318.22,-102.48
6,15873,7335.55,-17221.65,13784.31,-75,315,134,46.13,281.80,317.56,-97.60
2932.84,-20040.72,14321.45,-87,312,137,18.38,282.72,317.03,-92.61
,14337,-1442.73,-22295.98,14478.16,-94,306,134,-5.77,282.71,317.05,-88.44
-31232,12801,-5472.18,-24031.98,14398.73,-98,308,136,-26.65,282.14,317.07,-85.25
24833,-30720,13313,-9088.35,-25386.58,14215.58,-90,309,140,-43.55,281.50,317.30,-82.68
85,-29696,13569,-12032.48,-26419.07,14017.86,-92,304,146,-56.88,280.99,318.38,-80.88
97,-28160,12289,-14353.58,-27040.26,13825.69,-89,305,148,-66.95,280.39,320.12,-79.48
,-27648,12545,-16056.87,-27332.41,13620.75,-70,309,155,-73.65,279.91,322.61,-78.32
856,13569,-17078.09,-27310.12,13456.80,-66,308,152,-77.44,279.71,325.05,-77.48
24,13313,-17451.48,-27189.90,13393.84,-80,310,151,-79.89,279.93,327.23,-77.20
0225,-26880,13825,-17596.58,-27042.52,13428.88,-77,307,155,-82.24,279.92,328.97,-77.19
5856,13057,-17832.07,-26924.62,13422.70,-78,309,157,-84.91,279.91,330.80,-77.12
8225.25,-26744.89,13434.76,-83,308,153,-87.23,279.90,332.49,-76.81
8,13313,-18591.00,-26567.12,13410.41,-72,307,151,-88.70,279.89,333.39,-76.44
77,-26880,13057,-18798.20,-26493.09,13390.93,-72,312,145,-89.48,280.07,333.24,-76.27
416,14337,-18861.56,-26638.68,13426.54,-7,328,143,-85.24,281.34,332.45,-75.83
28,18433,-17615.25,-26925.74,13796.23,34,328,138,-75.01,283.67,330.93,-76.31
18433,-14826.20,-27377.39,14450.39,98,326,136,-55.92,286.46,329.06,-77.61
0720,17921,-9710.76,-27892.32,15212.71,211,294,136,-26.40,286.64,326.89,-80.46
29,-6283.81,-28423.65,15242.37,209,293,145,8.52,284.54,325.83,-80.33
,-28416,9473,-4924.65,-28729.32,14668.70,208,290,150,43.67,280.61,325.86,-77.27
5,-6328.92,-28734.86,13595.36,209,289,143,71.60,277.09,326.54,-71.28
28,8449,-7486.53,-28619.89,12651.29,207,289,145,93.94,274.09,327.09,-66.32
4,-28416,8449,-8446.83,-28527.91,11827.83,205,288,141,111.61,271.50,326.87,-62.22
29440,8193,-9266.26,-28607.93,11134.86,208,289,150,125.56,269.43,327.13,-58.89
12288,-27136,8449,-9938.81,-28552.34,10580.49,210,291,146,136.91,267.96,327.34,-56.12
76,-28160,8961,-10425.65,-28490.88,10171.19,207,285,153,146.19,266.60,328.39,-53.97
8,7425,-10780.92,-28236.90,9792.55,227,283,132,154.78,265.13,327.91,-51.99
0.94,-28340.92,9387.24,225,281,135,162.63,263.40,326.86,-50.73
-30976,6401,-10452.95,-28611.94,8892.39,241,277,115,171.25,261.45,323.15,-49.60
,5377,-9642.36,-25108.15,8359.92,240,274,121,178.93,259.33,319.29,-48.03
609,-8771.89,-18123.92,7780.33,259,266,109,187.21,256.70,314.44,-44.67
04,2561,-7495.31,-8611.14,7060.67,294,236,98,197.35,251.97,309.23,-39.05
8,-5120,-5569.45,-1291.11,5785.13,310,217,95,209.94,244.63,303.08,-35.33
2834.16,4121.11,3791.91,419,39,102,230.55,224.72,297.71,-5.59
84,-2284.13,8331.49,2692.33,428,-40,118,255.61,191.57,294.97,25.18
